
k, zm, pmid, tc, pblh, cld, relhum, qv, so2, accum num & so4, aitken num & so4 icol=1

   1  7.50E+00  3.00E+02 -3.39E+01  1.10E+00  6.00E-01  8.00E-01  4.17E-01  1.77E-01  0.00E+00  0.00E+00  0.00E+00  0.00E+00

   2  4.50E+00  5.50E+02 -1.44E+01  1.10E+00  6.00E-01  8.40E-01  1.73E+00  2.65E-01  0.00E+00  0.00E+00  0.00E+00  0.00E+00

   3  2.00E+00  8.00E+02  1.84E+00  1.10E+00  6.00E-01  8.80E-01  4.79E+00  3.54E-01  0.00E+00  0.00E+00  0.00E+00  0.00E+00

   4  5.00E-01  9.50E+02  1.16E+01  1.10E+00  6.00E-01  9.60E-01  8.63E+00  4.42E-01  0.00E+00  0.00E+00  0.00E+00  0.00E+00

cambox_do_run doing calcsize, istep=       1
calcsize tend = 0 for all species
k, accum num, so4, dgncur_a, same for aitken  (#/mg,  ug/kg,  nm)
   1    0.0000E+00  0.0000E+00  1.1000E+02    0.0000E+00  0.0000E+00  2.6000E+01
   2    0.0000E+00  0.0000E+00  1.1000E+02    0.0000E+00  0.0000E+00  2.6000E+01
   3    0.0000E+00  0.0000E+00  1.1000E+02    0.0000E+00  0.0000E+00  2.6000E+01
   4    0.0000E+00  0.0000E+00  1.1000E+02    0.0000E+00  0.0000E+00  2.6000E+01

cambox_do_run doing wateruptake, istep=       1
watruptk tend = 0 for all species
k, accum num, so4, watr, dgncur_a, dgncur_awet, wetdens  (#/mg,  ug/kg,  nm)
   1    0.0000E+00  0.0000E+00  0.0000E+00    1.1000E+02  1.1000E+02  1.0000E-03
   2    0.0000E+00  0.0000E+00  0.0000E+00    1.1000E+02  1.1240E+02  6.3671E-02
   3    0.0000E+00  0.0000E+00  0.0000E+00    1.1000E+02  1.4044E+02  5.1992E-01
   4    0.0000E+00  0.0000E+00  0.0000E+00    1.1000E+02  1.9472E+02  8.1990E-01
k, aitken num, so4, watr, dgncur_a, dgncur_awet, wetdens  (#/mg,  ug/kg,  nm)
   1    0.0000E+00  0.0000E+00  0.0000E+00    2.6000E+01  2.6000E+01  1.0000E-03
   2    0.0000E+00  0.0000E+00  0.0000E+00    2.6000E+01  2.6541E+01  6.0818E-02
   3    0.0000E+00  0.0000E+00  0.0000E+00    2.6000E+01  3.2602E+01  4.9330E-01
   4    0.0000E+00  0.0000E+00  0.0000E+00    2.6000E+01  4.2954E+01  7.7845E-01

cambox_do_run doing gaschem simple, istep=       1
k, old & new so2, old & new h2so4  (ppbv)
   1    8.0000E-02  7.9521E-02    0.0000E+00  4.7856E-04
   2    1.2000E-01  1.1928E-01    0.0000E+00  7.1784E-04
   3    1.6000E-01  1.5904E-01    0.0000E+00  9.5713E-04
   4    2.0000E-01  1.9880E-01    0.0000E+00  1.1964E-03

cambox_do_run doing cloudchem simple, istep=       1
k, old & new so2, ... h2so4, ... so4_c1, ... so4_c2  (ppbv)
   1    7.9521E-02  6.1969E-02    4.7856E-04  1.9143E-04    0.0000E+00  1.7840E-02    0.0000E+00  0.0000E+00
   2    1.1928E-01  9.2953E-02    7.1784E-04  2.8714E-04    0.0000E+00  2.6760E-02    0.0000E+00  0.0000E+00
   3    1.5904E-01  1.2394E-01    9.5713E-04  3.8285E-04    0.0000E+00  3.5679E-02    0.0000E+00  0.0000E+00
   4    1.9880E-01  1.5492E-01    1.1964E-03  4.7856E-04    0.0000E+00  4.4599E-02    0.0000E+00  0.0000E+00

cambox_do_run doing gasaerexch, istep=       1
k, old & new h2so4, old & new so4_a1, old & new so4_a2  (ppbv)
   1    1.9143E-04  1.7848E-04    0.0000E+00  5.6912E-06    0.0000E+00  7.2521E-06
   2    2.8714E-04  2.5916E-04    0.0000E+00  2.7973E-05    0.0000E+00  0.0000E+00
   3    3.8285E-04  3.1029E-04    0.0000E+00  7.2560E-05    0.0000E+00  0.0000E+00
   4    4.7856E-04  3.4552E-08    0.0000E+00  1.3380E-04    0.0000E+00  3.4472E-04

cambox_do_run step done, istep=       1

i, k, told, tnew (h)    1    1     0.000     0.500
spec              qold       qnew         del-gas   del-cloud del-rena    del-cond  del-nuc   del-coag
H2SO4             0.000E+00  1.785E-04    4.79E-04 -2.87E-04  0.00E+00   -5.69E-06 -7.25E-06  0.00E+00
SO2               8.000E-02  6.197E-02   -4.79E-04 -1.76E-02  0.00E+00    0.00E+00  0.00E+00  0.00E+00
so4_a1            0.000E+00  5.691E-06    0.00E+00  0.00E+00  0.00E+00    5.69E-06  0.00E+00  2.41E-09
pom_a1            0.000E+00  3.497E-04    0.00E+00  0.00E+00  0.00E+00    3.50E-04  0.00E+00  1.48E-07
bc_a1             0.000E+00  3.886E-05    0.00E+00  0.00E+00  0.00E+00    3.88E-05  0.00E+00  1.64E-08
num_a1            0.000E+00  5.147E-01    0.00E+00  0.00E+00  0.00E+00    5.14E-01  0.00E+00  2.18E-04
so4_a2            0.000E+00  7.252E-06    0.00E+00  0.00E+00  0.00E+00    0.00E+00  7.25E-06 -2.41E-09
num_a2            0.000E+00  1.342E+01    0.00E+00  0.00E+00  0.00E+00    0.00E+00  1.34E+01 -7.77E-03
pom_a4            8.493E-02  8.458E-02    0.00E+00  0.00E+00  0.00E+00   -3.50E-04  0.00E+00 -1.48E-07
bc_a4             9.437E-03  9.398E-03    0.00E+00  0.00E+00  0.00E+00   -3.88E-05  0.00E+00 -1.64E-08
num_a4            1.250E+02  1.245E+02    0.00E+00  0.00E+00  0.00E+00   -5.14E-01  0.00E+00 -8.18E-03
so4_c1            0.000E+00  1.784E-02    0.00E+00  1.78E-02  0.00E+00    0.00E+00  0.00E+00  0.00E+00
sox_tot           8.000E-02  8.000E-02    0.00E+00
nhx_tot           0.000E+00  0.000E+00    0.00E+00

i, k, told, tnew (h)    1    2     0.000     0.500
spec              qold       qnew         del-gas   del-cloud del-rena    del-cond  del-nuc   del-coag
H2SO4             0.000E+00  2.592E-04    7.18E-04 -4.31E-04  0.00E+00   -2.80E-05  0.00E+00  0.00E+00
SO2               1.200E-01  9.295E-02   -7.18E-04 -2.63E-02  0.00E+00    0.00E+00  0.00E+00  0.00E+00
so4_a1            0.000E+00  2.797E-05    0.00E+00  0.00E+00  0.00E+00    2.80E-05  0.00E+00  0.00E+00
pom_a1            0.000E+00  1.719E-03    0.00E+00  0.00E+00  0.00E+00    1.72E-03  0.00E+00  0.00E+00
bc_a1             0.000E+00  1.910E-04    0.00E+00  0.00E+00  0.00E+00    1.91E-04  0.00E+00  0.00E+00
num_a1            0.000E+00  2.529E+00    0.00E+00  0.00E+00  0.00E+00    2.53E+00  0.00E+00  0.00E+00
pom_a4            1.699E-01  1.681E-01    0.00E+00  0.00E+00  0.00E+00   -1.72E-03  0.00E+00  0.00E+00
bc_a4             1.887E-02  1.868E-02    0.00E+00  0.00E+00  0.00E+00   -1.91E-04  0.00E+00  0.00E+00
num_a4            2.500E+02  2.474E+02    0.00E+00  0.00E+00  0.00E+00   -2.53E+00  0.00E+00 -4.33E-02
so4_c1            0.000E+00  2.676E-02    0.00E+00  2.68E-02  0.00E+00    0.00E+00  0.00E+00  0.00E+00
sox_tot           1.200E-01  1.200E-01    0.00E+00
nhx_tot           0.000E+00  0.000E+00    0.00E+00

i, k, told, tnew (h)    1    3     0.000     0.500
spec              qold       qnew         del-gas   del-cloud del-rena    del-cond  del-nuc   del-coag
H2SO4             0.000E+00  3.103E-04    9.57E-04 -5.74E-04  0.00E+00   -7.26E-05  0.00E+00  0.00E+00
SO2               1.600E-01  1.239E-01   -9.57E-04 -3.51E-02  0.00E+00    0.00E+00  0.00E+00  0.00E+00
so4_a1            0.000E+00  7.256E-05    0.00E+00  0.00E+00  0.00E+00    7.26E-05  0.00E+00  0.00E+00
pom_a1            0.000E+00  4.459E-03    0.00E+00  0.00E+00  0.00E+00    4.46E-03  0.00E+00  0.00E+00
bc_a1             0.000E+00  4.955E-04    0.00E+00  0.00E+00  0.00E+00    4.95E-04  0.00E+00  0.00E+00
num_a1            0.000E+00  6.558E+00    0.00E+00  0.00E+00  0.00E+00    6.56E+00  0.00E+00  0.00E+00
pom_a4            2.548E-01  2.503E-01    0.00E+00  0.00E+00  0.00E+00   -4.46E-03  0.00E+00  0.00E+00
bc_a4             2.831E-02  2.781E-02    0.00E+00  0.00E+00  0.00E+00   -4.95E-04  0.00E+00  0.00E+00
num_a4            3.750E+02  3.683E+02    0.00E+00  0.00E+00  0.00E+00   -6.56E+00  0.00E+00 -1.15E-01
so4_c1            0.000E+00  3.568E-02    0.00E+00  3.57E-02  0.00E+00    0.00E+00  0.00E+00  0.00E+00
sox_tot           1.600E-01  1.600E-01    2.58E-17
nhx_tot           0.000E+00  0.000E+00    0.00E+00

i, k, told, tnew (h)    1    4     0.000     0.500
spec              qold       qnew         del-gas   del-cloud del-rena    del-cond  del-nuc   del-coag
H2SO4             0.000E+00  3.455E-08    1.20E-03 -7.18E-04  0.00E+00   -1.33E-04 -3.45E-04  0.00E+00
SO2               2.000E-01  1.549E-01   -1.20E-03 -4.39E-02  0.00E+00    0.00E+00  0.00E+00  0.00E+00
so4_a1            0.000E+00  1.338E-04    0.00E+00  0.00E+00  0.00E+00    1.33E-04  0.00E+00  7.60E-07
pom_a1            0.000E+00  8.223E-03    0.00E+00  0.00E+00  0.00E+00    8.18E-03  0.00E+00  4.67E-05
bc_a1             0.000E+00  9.136E-04    0.00E+00  0.00E+00  0.00E+00    9.08E-04  0.00E+00  5.19E-06
num_a1            0.000E+00  1.209E+01    0.00E+00  0.00E+00  0.00E+00    1.20E+01  0.00E+00  6.87E-02
so4_a2            0.000E+00  3.447E-04    0.00E+00  0.00E+00  0.00E+00    0.00E+00  3.45E-04 -7.60E-07
num_a2            0.000E+00  6.353E+02    0.00E+00  0.00E+00  0.00E+00    0.00E+00  6.39E+02 -4.16E+00
pom_a4            3.397E-01  3.315E-01    0.00E+00  0.00E+00  0.00E+00   -8.18E-03  0.00E+00 -4.67E-05
bc_a4             3.775E-02  3.683E-02    0.00E+00  0.00E+00  0.00E+00   -9.08E-04  0.00E+00 -5.19E-06
num_a4            5.000E+02  4.877E+02    0.00E+00  0.00E+00  0.00E+00   -1.20E+01  0.00E+00 -2.88E-01
so4_c1            0.000E+00  4.460E-02    0.00E+00  4.46E-02  0.00E+00    0.00E+00  0.00E+00  0.00E+00
sox_tot           2.000E-01  2.000E-01    0.00E+00
nhx_tot           0.000E+00  0.000E+00    0.00E+00

cambox_do_run doing calcsize, istep=       2
calcsize tend > 0 for nspecies =      1
k, accum num, so4, dgncur_a, same for aitken  (#/mg,  ug/kg,  nm)
   1    5.1453E-01  2.2616E-05  5.0809E+01    1.3419E+01  2.8819E-05  9.5008E+00
   2    2.5288E+00  1.1116E-04  5.0811E+01    0.0000E+00  0.0000E+00  2.6000E+01
   3    6.5576E+00  2.8834E-04  5.0816E+01    0.0000E+00  0.0000E+00  2.6000E+01
   4    1.2089E+01  5.3172E-04  5.0821E+01    6.3526E+02  1.3699E-03  9.5137E+00

cambox_do_run doing wateruptake, istep=       2
watruptk tend = 0 for all species
k, accum num, so4, watr, dgncur_a, dgncur_awet, wetdens  (#/mg,  ug/kg,  nm)
   1    5.1453E-01  2.2616E-05  0.0000E+00    5.0809E+01  5.0809E+01  1.0985E+00
   2    2.5288E+00  1.1116E-04  5.0533E-06    5.0811E+01  5.0915E+01  1.0979E+00
   3    6.5576E+00  2.8834E-04  2.0569E-04    5.0816E+01  5.2399E+01  1.0898E+00
   4    1.2089E+01  5.3172E-04  1.4380E-03    5.0821E+01  5.6384E+01  1.0721E+00
k, aitken num, so4, watr, dgncur_a, dgncur_awet, wetdens  (#/mg,  ug/kg,  nm)
   1    1.3419E+01  2.8819E-05  0.0000E+00    9.5008E+00  9.5008E+00  1.7700E+00
   2    0.0000E+00  0.0000E+00  0.0000E+00    2.6000E+01  2.6541E+01  6.0818E-02
   3    0.0000E+00  0.0000E+00  0.0000E+00    2.6000E+01  3.2602E+01  4.9330E-01
   4    6.3526E+02  1.3699E-03  1.7255E-03    9.5137E+00  1.4062E+01  1.2384E+00

cambox_do_run doing gaschem simple, istep=       2
k, old & new so2, old & new h2so4  (ppbv)
   1    6.1969E-02  6.1598E-02    1.7848E-04  3.7070E-04
   2    9.2953E-02  9.2397E-02    2.5916E-04  5.5605E-04
   3    1.2394E-01  1.2320E-01    3.1029E-04  7.4140E-04
   4    1.5492E-01  1.5400E-01    3.4552E-08  9.2675E-04

cambox_do_run doing cloudchem simple, istep=       2
k, old & new so2, ... h2so4, ... so4_c1, ... so4_c2  (ppbv)
   1    6.1598E-02  4.8002E-02    3.7070E-04  1.4828E-04    1.7840E-02  3.1659E-02    0.0000E+00  0.0000E+00
   2    9.2397E-02  7.2003E-02    5.5605E-04  2.2242E-04    2.6760E-02  4.7488E-02    0.0000E+00  0.0000E+00
   3    1.2320E-01  9.6003E-02    7.4140E-04  2.9656E-04    3.5679E-02  6.3317E-02    0.0000E+00  0.0000E+00
   4    1.5400E-01  1.2000E-01    9.2675E-04  3.7070E-04    4.4599E-02  7.9146E-02    0.0000E+00  0.0000E+00

cambox_do_run doing gasaerexch, istep=       2
k, old & new h2so4, old & new so4_a1, old & new so4_a2  (ppbv)
   1    1.4828E-04  1.2611E-04    5.6912E-06  1.2188E-05    7.2521E-06  2.2927E-05
   2    2.2242E-04  1.9135E-04    2.7973E-05  5.9038E-05    0.0000E+00  0.0000E+00
   3    2.9656E-04  2.2006E-04    7.2560E-05  1.4906E-04    0.0000E+00  0.0000E+00
   4    3.7070E-04  2.6164E-08    1.3380E-04  2.3702E-04    3.4472E-04  6.1218E-04

cambox_do_run step done, istep=       2

i, k, told, tnew (h)    1    1     0.500     1.000
spec              qold       qnew         del-gas   del-cloud del-rena    del-cond  del-nuc   del-coag
H2SO4             1.785E-04  1.261E-04    1.92E-04 -2.22E-04  0.00E+00   -6.50E-06 -1.57E-05  0.00E+00
SO2               6.197E-02  4.800E-02   -3.71E-04 -1.36E-02  0.00E+00    0.00E+00  0.00E+00  0.00E+00
so4_a1            5.691E-06  1.219E-05    0.00E+00  0.00E+00  0.00E+00    6.48E-06  0.00E+00  1.39E-08
pom_a1            3.497E-04  7.476E-04    0.00E+00  0.00E+00  0.00E+00    3.97E-04  0.00E+00  9.27E-07
bc_a1             3.886E-05  8.306E-05    0.00E+00  0.00E+00  0.00E+00    4.41E-05  0.00E+00  1.03E-07
num_a1            5.145E-01  1.100E+00    0.00E+00  0.00E+00  0.00E+00    5.84E-01  0.00E+00  1.25E-03
so4_a2            7.252E-06  2.293E-05    0.00E+00  0.00E+00  0.00E+00    1.82E-08  1.57E-05 -1.39E-08
num_a2            1.342E+01  4.236E+01    0.00E+00  0.00E+00  0.00E+00    0.00E+00  2.90E+01 -6.50E-02
pom_a4            8.458E-02  8.418E-02    0.00E+00  0.00E+00  0.00E+00   -3.97E-04  0.00E+00 -9.27E-07
bc_a4             9.398E-03  9.354E-03    0.00E+00  0.00E+00  0.00E+00   -4.41E-05  0.00E+00 -1.03E-07
num_a4            1.245E+02  1.239E+02    0.00E+00  0.00E+00  0.00E+00   -5.84E-01  0.00E+00 -9.22E-03
so4_c1            1.784E-02  3.166E-02    0.00E+00  1.38E-02  0.00E+00    0.00E+00  0.00E+00  0.00E+00
num_c1            1.464E-04  1.464E-04    0.00E+00  0.00E+00  0.00E+00    0.00E+00  0.00E+00  0.00E+00
sox_tot           8.000E-02  7.982E-02   -1.78E-04
nhx_tot           0.000E+00  0.000E+00    0.00E+00

i, k, told, tnew (h)    1    2     0.500     1.000
spec              qold       qnew         del-gas   del-cloud del-rena    del-cond  del-nuc   del-coag
H2SO4             2.592E-04  1.914E-04    2.97E-04 -3.34E-04  0.00E+00   -3.11E-05  0.00E+00  0.00E+00
SO2               9.295E-02  7.200E-02   -5.56E-04 -2.04E-02  0.00E+00    0.00E+00  0.00E+00  0.00E+00
so4_a1            2.797E-05  5.904E-05    0.00E+00  0.00E+00  0.00E+00    3.11E-05  0.00E+00  0.00E+00
pom_a1            1.719E-03  3.611E-03    0.00E+00  0.00E+00  0.00E+00    1.89E-03  0.00E+00  9.58E-07
bc_a1             1.910E-04  4.013E-04    0.00E+00  0.00E+00  0.00E+00    2.10E-04  0.00E+00  1.06E-07
num_a1            2.529E+00  5.311E+00    0.00E+00  0.00E+00  0.00E+00    2.78E+00  0.00E+00 -5.74E-06
pom_a4            1.681E-01  1.662E-01    0.00E+00  0.00E+00  0.00E+00   -1.89E-03  0.00E+00 -9.58E-07
bc_a4             1.868E-02  1.847E-02    0.00E+00  0.00E+00  0.00E+00   -2.10E-04  0.00E+00 -1.06E-07
num_a4            2.474E+02  2.446E+02    0.00E+00  0.00E+00  0.00E+00   -2.78E+00  0.00E+00 -4.34E-02
so4_c1            2.676E-02  4.749E-02    0.00E+00  2.07E-02  0.00E+00    0.00E+00  0.00E+00  0.00E+00
num_c1            2.196E-04  2.196E-04    0.00E+00  0.00E+00  0.00E+00    0.00E+00  0.00E+00  0.00E+00
sox_tot           1.200E-01  1.197E-01   -2.59E-04
nhx_tot           0.000E+00  0.000E+00    0.00E+00

i, k, told, tnew (h)    1    3     0.500     1.000
spec              qold       qnew         del-gas   del-cloud del-rena    del-cond  del-nuc   del-coag
H2SO4             3.103E-04  2.201E-04    4.31E-04 -4.45E-04  0.00E+00   -7.65E-05  0.00E+00  0.00E+00
SO2               1.239E-01  9.600E-02   -7.41E-04 -2.72E-02  0.00E+00    0.00E+00  0.00E+00  0.00E+00
so4_a1            7.256E-05  1.491E-04    0.00E+00  0.00E+00  0.00E+00    7.65E-05  0.00E+00  0.00E+00
pom_a1            4.459E-03  9.086E-03    0.00E+00  0.00E+00  0.00E+00    4.62E-03  0.00E+00  4.15E-06
bc_a1             4.955E-04  1.010E-03    0.00E+00  0.00E+00  0.00E+00    5.14E-04  0.00E+00  4.61E-07
num_a1            6.558E+00  1.335E+01    0.00E+00  0.00E+00  0.00E+00    6.80E+00  0.00E+00 -4.56E-05
pom_a4            2.503E-01  2.457E-01    0.00E+00  0.00E+00  0.00E+00   -4.62E-03  0.00E+00 -4.15E-06
bc_a4             2.781E-02  2.730E-02    0.00E+00  0.00E+00  0.00E+00   -5.14E-04  0.00E+00 -4.61E-07
num_a4            3.683E+02  3.614E+02    0.00E+00  0.00E+00  0.00E+00   -6.80E+00  0.00E+00 -1.16E-01
so4_c1            3.568E-02  6.332E-02    0.00E+00  2.76E-02  0.00E+00    0.00E+00  0.00E+00  0.00E+00
num_c1            2.927E-04  2.927E-04    0.00E+00  0.00E+00  0.00E+00    0.00E+00  0.00E+00  0.00E+00
sox_tot           1.600E-01  1.597E-01   -3.10E-04
nhx_tot           0.000E+00  0.000E+00    0.00E+00

i, k, told, tnew (h)    1    4     0.500     1.000
spec              qold       qnew         del-gas   del-cloud del-rena    del-cond  del-nuc   del-coag
H2SO4             3.455E-08  2.616E-08    9.27E-04 -5.56E-04  0.00E+00   -1.09E-04 -2.62E-04  0.00E+00
SO2               1.549E-01  1.200E-01   -9.27E-04 -3.40E-02  0.00E+00    0.00E+00  0.00E+00  0.00E+00
so4_a1            1.338E-04  2.370E-04    0.00E+00  0.00E+00  0.00E+00    1.02E-04  0.00E+00  1.57E-06
pom_a1            8.223E-03  1.441E-02    0.00E+00  0.00E+00  0.00E+00    6.09E-03  0.00E+00  1.04E-04
bc_a1             9.136E-04  1.601E-03    0.00E+00  0.00E+00  0.00E+00    6.76E-04  0.00E+00  1.16E-05
num_a1            1.209E+01  2.117E+01    0.00E+00  0.00E+00  0.00E+00    8.94E+00  0.00E+00  1.38E-01
so4_a2            3.447E-04  6.122E-04    0.00E+00  0.00E+00  0.00E+00    7.41E-06  2.62E-04 -1.57E-06
num_a2            6.353E+02  1.109E+03    0.00E+00  0.00E+00  0.00E+00    0.00E+00  4.84E+02 -1.01E+01
pom_a4            3.315E-01  3.253E-01    0.00E+00  0.00E+00  0.00E+00   -6.09E-03  0.00E+00 -1.04E-04
bc_a4             3.683E-02  3.615E-02    0.00E+00  0.00E+00  0.00E+00   -6.76E-04  0.00E+00 -1.16E-05
num_a4            4.877E+02  4.784E+02    0.00E+00  0.00E+00  0.00E+00   -8.94E+00  0.00E+00 -3.59E-01
so4_c1            4.460E-02  7.915E-02    0.00E+00  3.45E-02  0.00E+00    0.00E+00  0.00E+00  0.00E+00
num_c1            3.659E-04  3.659E-04    0.00E+00  0.00E+00  0.00E+00    0.00E+00  0.00E+00  0.00E+00
sox_tot           2.000E-01  2.000E-01   -3.46E-08
nhx_tot           0.000E+00  0.000E+00    0.00E+00

cambox_do_run doing calcsize, istep=       3
calcsize tend > 0 for nspecies =      1
k, accum num, so4, dgncur_a, same for aitken  (#/mg,  ug/kg,  nm)
   1    1.0996E+00  4.8435E-05  5.0816E+01    4.2356E+01  9.1108E-05  9.5057E+00
   2    5.3104E+00  2.3461E-04  5.0823E+01    0.0000E+00  0.0000E+00  2.6000E+01
   3    1.3353E+01  5.9234E-04  5.0837E+01    0.0000E+00  0.0000E+00  2.6000E+01
   4    2.1171E+01  9.4190E-04  5.0850E+01    1.1093E+03  2.4327E-03  9.5671E+00

cambox_do_run doing wateruptake, istep=       3
watruptk tend = 0 for all species
k, accum num, so4, watr, dgncur_a, dgncur_awet, wetdens  (#/mg,  ug/kg,  nm)
   1    1.0996E+00  4.8435E-05  0.0000E+00    5.0816E+01  5.0816E+01  1.0986E+00
   2    5.3104E+00  2.3461E-04  1.0656E-05    5.0823E+01  5.0927E+01  1.0981E+00
   3    1.3353E+01  5.9234E-04  4.2194E-04    5.0837E+01  5.2431E+01  1.0902E+00
   4    2.1171E+01  9.4190E-04  2.5431E-03    5.0850E+01  5.6457E+01  1.0724E+00
k, aitken num, so4, watr, dgncur_a, dgncur_awet, wetdens  (#/mg,  ug/kg,  nm)
   1    4.2356E+01  9.1108E-05  0.0000E+00    9.5057E+00  9.5057E+00  1.7700E+00
   2    0.0000E+00  0.0000E+00  0.0000E+00    2.6000E+01  2.6541E+01  6.0818E-02
   3    0.0000E+00  0.0000E+00  0.0000E+00    2.6000E+01  3.2602E+01  4.9330E-01
   4    1.1093E+03  2.4327E-03  3.0748E-03    9.5671E+00  1.4153E+01  1.2379E+00

cambox_do_run doing gaschem simple, istep=       3
k, old & new so2, old & new h2so4  (ppbv)
   1    4.8002E-02  4.7715E-02    1.2611E-04  2.8715E-04
   2    7.2003E-02  7.1572E-02    1.9135E-04  4.3072E-04
   3    9.6003E-02  9.5429E-02    2.2006E-04  5.7430E-04
   4    1.2000E-01  1.1929E-01    2.6164E-08  7.1787E-04

cambox_do_run doing cloudchem simple, istep=       3
k, old & new so2, ... h2so4, ... so4_c1, ... so4_c2  (ppbv)
   1    4.7715E-02  3.7183E-02    2.8715E-04  1.1486E-04    3.1659E-02  4.2363E-02    0.0000E+00  0.0000E+00
   2    7.1572E-02  5.5774E-02    4.3072E-04  1.7229E-04    4.7488E-02  6.3544E-02    0.0000E+00  0.0000E+00
   3    9.5429E-02  7.4365E-02    5.7430E-04  2.2972E-04    6.3317E-02  8.4726E-02    0.0000E+00  0.0000E+00
   4    1.1929E-01  9.2957E-02    7.1787E-04  2.8715E-04    7.9146E-02  1.0591E-01    0.0000E+00  0.0000E+00

cambox_do_run doing gasaerexch, istep=       3
k, old & new h2so4, old & new so4_a1, old & new so4_a2  (ppbv)
   1    1.1486E-04  1.0707E-04    1.2188E-05  1.7075E-05    2.2927E-05  2.5832E-05
   2    1.7229E-04  1.4859E-04    5.9038E-05  8.2741E-05    0.0000E+00  0.0000E+00
   3    2.2972E-04  1.7183E-04    1.4906E-04  2.0695E-04    0.0000E+00  0.0000E+00
   4    2.8715E-04  1.9920E-08    2.3702E-04  3.1668E-04    6.1218E-04  8.1965E-04

cambox_do_run step done, istep=       3

i, k, told, tnew (h)    1    1     1.000     1.500
spec              qold       qnew         del-gas   del-cloud del-rena    del-cond  del-nuc   del-coag
H2SO4             1.261E-04  1.071E-04    1.61E-04 -1.72E-04  0.00E+00   -4.92E-06 -2.87E-06  0.00E+00
SO2               4.800E-02  3.718E-02   -2.87E-04 -1.05E-02  0.00E+00    0.00E+00  0.00E+00  0.00E+00
so4_a1            1.219E-05  1.708E-05    0.00E+00  0.00E+00  0.00E+00    4.88E-06  0.00E+00  9.04E-09
pom_a1            7.476E-04  1.046E-03    0.00E+00  0.00E+00  0.00E+00    2.97E-04  0.00E+00  7.12E-07
bc_a1             8.306E-05  1.162E-04    0.00E+00  0.00E+00  0.00E+00    3.30E-05  0.00E+00  7.91E-08
num_a1            1.100E+00  1.538E+00    0.00E+00  0.00E+00  0.00E+00    4.38E-01  0.00E+00  8.10E-04
so4_a2            2.293E-05  2.583E-05    0.00E+00  0.00E+00  0.00E+00    4.32E-08  2.87E-06 -9.04E-09
num_a2            4.236E+01  4.763E+01    0.00E+00  0.00E+00  0.00E+00    0.00E+00  5.31E+00 -4.16E-02
pom_a4            8.418E-02  8.388E-02    0.00E+00  0.00E+00  0.00E+00   -2.97E-04  0.00E+00 -7.12E-07
bc_a4             9.354E-03  9.320E-03    0.00E+00  0.00E+00  0.00E+00   -3.30E-05  0.00E+00 -7.91E-08
num_a4            1.239E+02  1.234E+02    0.00E+00  0.00E+00  0.00E+00   -4.38E-01  0.00E+00 -8.79E-03
so4_c1            3.166E-02  4.236E-02    0.00E+00  1.07E-02  0.00E+00    0.00E+00  0.00E+00  0.00E+00
num_c1            4.031E-04  4.031E-04    0.00E+00  0.00E+00  0.00E+00    0.00E+00  0.00E+00  0.00E+00
sox_tot           7.982E-02  7.970E-02   -1.26E-04
nhx_tot           0.000E+00  0.000E+00    0.00E+00

i, k, told, tnew (h)    1    2     1.000     1.500
spec              qold       qnew         del-gas   del-cloud del-rena    del-cond  del-nuc   del-coag
H2SO4             1.914E-04  1.486E-04    2.39E-04 -2.58E-04  0.00E+00   -2.37E-05  0.00E+00  0.00E+00
SO2               7.200E-02  5.577E-02   -4.31E-04 -1.58E-02  0.00E+00    0.00E+00  0.00E+00  0.00E+00
so4_a1            5.904E-05  8.274E-05    0.00E+00  0.00E+00  0.00E+00    2.37E-05  0.00E+00 -5.05E-21
pom_a1            3.611E-03  5.041E-03    0.00E+00  0.00E+00  0.00E+00    1.43E-03  0.00E+00  1.99E-06
bc_a1             4.013E-04  5.602E-04    0.00E+00  0.00E+00  0.00E+00    1.59E-04  0.00E+00  2.21E-07
num_a1            5.310E+00  7.411E+00    0.00E+00  0.00E+00  0.00E+00    2.10E+00  0.00E+00 -2.53E-05
pom_a4            1.662E-01  1.648E-01    0.00E+00  0.00E+00  0.00E+00   -1.43E-03  0.00E+00 -1.99E-06
bc_a4             1.847E-02  1.831E-02    0.00E+00  0.00E+00  0.00E+00   -1.59E-04  0.00E+00 -2.21E-07
num_a4            2.446E+02  2.425E+02    0.00E+00  0.00E+00  0.00E+00   -2.10E+00  0.00E+00 -4.35E-02
so4_c1            4.749E-02  6.354E-02    0.00E+00  1.61E-02  0.00E+00    0.00E+00  0.00E+00  0.00E+00
num_c1            6.046E-04  6.046E-04    0.00E+00  0.00E+00  0.00E+00    0.00E+00  0.00E+00  0.00E+00
sox_tot           1.197E-01  1.195E-01   -1.91E-04
nhx_tot           0.000E+00  0.000E+00    0.00E+00

i, k, told, tnew (h)    1    3     1.000     1.500
spec              qold       qnew         del-gas   del-cloud del-rena    del-cond  del-nuc   del-coag
H2SO4             2.201E-04  1.718E-04    3.54E-04 -3.45E-04  0.00E+00   -5.79E-05  0.00E+00  0.00E+00
SO2               9.600E-02  7.437E-02   -5.74E-04 -2.11E-02  0.00E+00    0.00E+00  0.00E+00  0.00E+00
so4_a1            1.491E-04  2.069E-04    0.00E+00  0.00E+00  0.00E+00    5.79E-05  0.00E+00 -1.01E-20
pom_a1            9.086E-03  1.253E-02    0.00E+00  0.00E+00  0.00E+00    3.44E-03  0.00E+00  8.28E-06
bc_a1             1.010E-03  1.392E-03    0.00E+00  0.00E+00  0.00E+00    3.82E-04  0.00E+00  9.20E-07
num_a1            1.335E+01  1.840E+01    0.00E+00  0.00E+00  0.00E+00    5.05E+00  0.00E+00 -1.89E-04
pom_a4            2.457E-01  2.423E-01    0.00E+00  0.00E+00  0.00E+00   -3.44E-03  0.00E+00 -8.28E-06
bc_a4             2.730E-02  2.692E-02    0.00E+00  0.00E+00  0.00E+00   -3.82E-04  0.00E+00 -9.20E-07
num_a4            3.614E+02  3.562E+02    0.00E+00  0.00E+00  0.00E+00   -5.05E+00  0.00E+00 -1.16E-01
so4_c1            6.332E-02  8.473E-02    0.00E+00  2.14E-02  0.00E+00    0.00E+00  0.00E+00  0.00E+00
num_c1            8.062E-04  8.062E-04    0.00E+00  0.00E+00  0.00E+00    0.00E+00  0.00E+00  0.00E+00
sox_tot           1.597E-01  1.595E-01   -2.20E-04
nhx_tot           0.000E+00  0.000E+00    0.00E+00

i, k, told, tnew (h)    1    4     1.000     1.500
spec              qold       qnew         del-gas   del-cloud del-rena    del-cond  del-nuc   del-coag
H2SO4             2.616E-08  1.992E-08    7.18E-04 -4.31E-04  0.00E+00   -8.79E-05 -1.99E-04  0.00E+00
SO2               1.200E-01  9.296E-02   -7.18E-04 -2.63E-02  0.00E+00    0.00E+00  0.00E+00  0.00E+00
so4_a1            2.370E-04  3.167E-04    0.00E+00  0.00E+00  0.00E+00    7.79E-05  0.00E+00  1.74E-06
pom_a1            1.441E-02  1.911E-02    0.00E+00  0.00E+00  0.00E+00    4.57E-03  0.00E+00  1.19E-04
bc_a1             1.601E-03  2.123E-03    0.00E+00  0.00E+00  0.00E+00    5.08E-04  0.00E+00  1.33E-05
num_a1            2.117E+01  2.804E+01    0.00E+00  0.00E+00  0.00E+00    6.72E+00  0.00E+00  1.50E-01
so4_a2            6.122E-04  8.197E-04    0.00E+00  0.00E+00  0.00E+00    1.00E-05  1.99E-04 -1.74E-06
num_a2            1.109E+03  1.467E+03    0.00E+00  0.00E+00  0.00E+00    0.00E+00  3.69E+02 -1.14E+01
pom_a4            3.253E-01  3.206E-01    0.00E+00  0.00E+00  0.00E+00   -4.57E-03  0.00E+00 -1.19E-04
bc_a4             3.615E-02  3.562E-02    0.00E+00  0.00E+00  0.00E+00   -5.08E-04  0.00E+00 -1.33E-05
num_a4            4.784E+02  4.713E+02    0.00E+00  0.00E+00  0.00E+00   -6.72E+00  0.00E+00 -3.71E-01
so4_c1            7.915E-02  1.059E-01    0.00E+00  2.68E-02  0.00E+00    0.00E+00  0.00E+00  0.00E+00
num_c1            1.008E-03  1.008E-03    0.00E+00  0.00E+00  0.00E+00    0.00E+00  0.00E+00  0.00E+00
sox_tot           2.000E-01  2.000E-01   -2.62E-08
nhx_tot           0.000E+00  0.000E+00    0.00E+00
