mdo_gasch, cldch, gaex, rename, newnuc, coag    1    1    1    1    1    1
mopt_h2so4_uptake, gaexch_h2so4_uptake_flagaa, newnuc_h2so4_conc_flagaa, mosaic    1    2    2    F
mopt_aero_comp, aero_load, ait_size   11   72    2
deltat, xopt_cloudf   1800.000000      0.600000

gasch       1       8
H2O2          0.000E+00  0.000E+00     0.000E+00  0.000E+00     0.000E+00  0.000E+00     0.000E+00  0.000E+00 
H2SO4         0.000E+00  1.196E-12*    0.000E+00  9.571E-13*    0.000E+00  7.178E-13*    0.000E+00  4.786E-13*
SO2           2.000E-10  1.988E-10*    1.600E-10  1.590E-10*    1.200E-10  1.193E-10*    8.000E-11  7.952E-11*
DMS           0.000E+00  0.000E+00     0.000E+00  0.000E+00     0.000E+00  0.000E+00     0.000E+00  0.000E+00 
SOAG          3.000E-10  3.000E-10     2.400E-10  2.400E-10     1.800E-10  1.800E-10     1.200E-10  1.200E-10 
so4_a1        0.000E+00  0.000E+00     0.000E+00  0.000E+00     0.000E+00  0.000E+00     0.000E+00  0.000E+00 
pom_a1        0.000E+00  0.000E+00     0.000E+00  0.000E+00     0.000E+00  0.000E+00     0.000E+00  0.000E+00 
soa_a1        0.000E+00  0.000E+00     0.000E+00  0.000E+00     0.000E+00  0.000E+00     0.000E+00  0.000E+00 
bc_a1         0.000E+00  0.000E+00     0.000E+00  0.000E+00     0.000E+00  0.000E+00     0.000E+00  0.000E+00 
ncl_a1        0.000E+00  0.000E+00     0.000E+00  0.000E+00     0.000E+00  0.000E+00     0.000E+00  0.000E+00 
dst_a1        0.000E+00  0.000E+00     0.000E+00  0.000E+00     0.000E+00  0.000E+00     0.000E+00  0.000E+00 
num_a1        0.000E+00  0.000E+00     0.000E+00  0.000E+00     0.000E+00  0.000E+00     0.000E+00  0.000E+00 
so4_a2        0.000E+00  0.000E+00     0.000E+00  0.000E+00     0.000E+00  0.000E+00     0.000E+00  0.000E+00 
soa_a2        0.000E+00  0.000E+00     0.000E+00  0.000E+00     0.000E+00  0.000E+00     0.000E+00  0.000E+00 
ncl_a2        0.000E+00  0.000E+00     0.000E+00  0.000E+00     0.000E+00  0.000E+00     0.000E+00  0.000E+00 
num_a2        0.000E+00  0.000E+00     0.000E+00  0.000E+00     0.000E+00  0.000E+00     0.000E+00  0.000E+00 
dst_a3        0.000E+00  0.000E+00     0.000E+00  0.000E+00     0.000E+00  0.000E+00     0.000E+00  0.000E+00 
ncl_a3        0.000E+00  0.000E+00     0.000E+00  0.000E+00     0.000E+00  0.000E+00     0.000E+00  0.000E+00 
so4_a3        0.000E+00  0.000E+00     0.000E+00  0.000E+00     0.000E+00  0.000E+00     0.000E+00  0.000E+00 
num_a3        0.000E+00  0.000E+00     0.000E+00  0.000E+00     0.000E+00  0.000E+00     0.000E+00  0.000E+00 
pom_a4        3.397E-10  3.397E-10     2.548E-10  2.548E-10     1.699E-10  1.699E-10     8.493E-11  8.493E-11 
bc_a4         3.775E-11  3.775E-11     2.831E-11  2.831E-11     1.887E-11  1.887E-11     9.437E-12  9.437E-12 
num_a4        1.438E+10  1.438E+10     1.078E+10  1.078E+10     7.188E+09  7.188E+09     3.594E+09  3.594E+09 
so4_c1        0.000E+00  0.000E+00     0.000E+00  0.000E+00     0.000E+00  0.000E+00     0.000E+00  0.000E+00 
pom_c1        0.000E+00  0.000E+00     0.000E+00  0.000E+00     0.000E+00  0.000E+00     0.000E+00  0.000E+00 
soa_c1        0.000E+00  0.000E+00     0.000E+00  0.000E+00     0.000E+00  0.000E+00     0.000E+00  0.000E+00 
bc_c1         0.000E+00  0.000E+00     0.000E+00  0.000E+00     0.000E+00  0.000E+00     0.000E+00  0.000E+00 
ncl_c1        0.000E+00  0.000E+00     0.000E+00  0.000E+00     0.000E+00  0.000E+00     0.000E+00  0.000E+00 
dst_c1        0.000E+00  0.000E+00     0.000E+00  0.000E+00     0.000E+00  0.000E+00     0.000E+00  0.000E+00 
num_c1        0.000E+00  0.000E+00     0.000E+00  0.000E+00     0.000E+00  0.000E+00     0.000E+00  0.000E+00 
so4_c2        0.000E+00  0.000E+00     0.000E+00  0.000E+00     0.000E+00  0.000E+00     0.000E+00  0.000E+00 
soa_c2        0.000E+00  0.000E+00     0.000E+00  0.000E+00     0.000E+00  0.000E+00     0.000E+00  0.000E+00 
ncl_c2        0.000E+00  0.000E+00     0.000E+00  0.000E+00     0.000E+00  0.000E+00     0.000E+00  0.000E+00 
num_c2        0.000E+00  0.000E+00     0.000E+00  0.000E+00     0.000E+00  0.000E+00     0.000E+00  0.000E+00 
dst_c3        0.000E+00  0.000E+00     0.000E+00  0.000E+00     0.000E+00  0.000E+00     0.000E+00  0.000E+00 
ncl_c3        0.000E+00  0.000E+00     0.000E+00  0.000E+00     0.000E+00  0.000E+00     0.000E+00  0.000E+00 
so4_c3        0.000E+00  0.000E+00     0.000E+00  0.000E+00     0.000E+00  0.000E+00     0.000E+00  0.000E+00 
num_c3        0.000E+00  0.000E+00     0.000E+00  0.000E+00     0.000E+00  0.000E+00     0.000E+00  0.000E+00 
pom_c4        0.000E+00  0.000E+00     0.000E+00  0.000E+00     0.000E+00  0.000E+00     0.000E+00  0.000E+00 
bc_c4         0.000E+00  0.000E+00     0.000E+00  0.000E+00     0.000E+00  0.000E+00     0.000E+00  0.000E+00 
num_c4        0.000E+00  0.000E+00     0.000E+00  0.000E+00     0.000E+00  0.000E+00     0.000E+00  0.000E+00 

cldch       1       8
H2O2          0.000E+00  0.000E+00     0.000E+00  0.000E+00     0.000E+00  0.000E+00     0.000E+00  0.000E+00 
H2SO4         1.196E-12  4.786E-13*    9.571E-13  3.829E-13*    7.178E-13  2.871E-13*    4.786E-13  1.914E-13*
SO2           1.988E-10  1.549E-10*    1.590E-10  1.239E-10*    1.193E-10  9.295E-11*    7.952E-11  6.197E-11*
DMS           0.000E+00  0.000E+00     0.000E+00  0.000E+00     0.000E+00  0.000E+00     0.000E+00  0.000E+00 
SOAG          3.000E-10  3.000E-10     2.400E-10  2.400E-10     1.800E-10  1.800E-10     1.200E-10  1.200E-10 
so4_a1        0.000E+00  0.000E+00     0.000E+00  0.000E+00     0.000E+00  0.000E+00     0.000E+00  0.000E+00 
pom_a1        0.000E+00  0.000E+00     0.000E+00  0.000E+00     0.000E+00  0.000E+00     0.000E+00  0.000E+00 
soa_a1        0.000E+00  0.000E+00     0.000E+00  0.000E+00     0.000E+00  0.000E+00     0.000E+00  0.000E+00 
bc_a1         0.000E+00  0.000E+00     0.000E+00  0.000E+00     0.000E+00  0.000E+00     0.000E+00  0.000E+00 
ncl_a1        0.000E+00  0.000E+00     0.000E+00  0.000E+00     0.000E+00  0.000E+00     0.000E+00  0.000E+00 
dst_a1        0.000E+00  0.000E+00     0.000E+00  0.000E+00     0.000E+00  0.000E+00     0.000E+00  0.000E+00 
num_a1        0.000E+00  0.000E+00     0.000E+00  0.000E+00     0.000E+00  0.000E+00     0.000E+00  0.000E+00 
so4_a2        0.000E+00  0.000E+00     0.000E+00  0.000E+00     0.000E+00  0.000E+00     0.000E+00  0.000E+00 
soa_a2        0.000E+00  0.000E+00     0.000E+00  0.000E+00     0.000E+00  0.000E+00     0.000E+00  0.000E+00 
ncl_a2        0.000E+00  0.000E+00     0.000E+00  0.000E+00     0.000E+00  0.000E+00     0.000E+00  0.000E+00 
num_a2        0.000E+00  0.000E+00     0.000E+00  0.000E+00     0.000E+00  0.000E+00     0.000E+00  0.000E+00 
dst_a3        0.000E+00  0.000E+00     0.000E+00  0.000E+00     0.000E+00  0.000E+00     0.000E+00  0.000E+00 
ncl_a3        0.000E+00  0.000E+00     0.000E+00  0.000E+00     0.000E+00  0.000E+00     0.000E+00  0.000E+00 
so4_a3        0.000E+00  0.000E+00     0.000E+00  0.000E+00     0.000E+00  0.000E+00     0.000E+00  0.000E+00 
num_a3        0.000E+00  0.000E+00     0.000E+00  0.000E+00     0.000E+00  0.000E+00     0.000E+00  0.000E+00 
pom_a4        3.397E-10  3.397E-10     2.548E-10  2.548E-10     1.699E-10  1.699E-10     8.493E-11  8.493E-11 
bc_a4         3.775E-11  3.775E-11     2.831E-11  2.831E-11     1.887E-11  1.887E-11     9.437E-12  9.437E-12 
num_a4        1.438E+10  1.438E+10     1.078E+10  1.078E+10     7.188E+09  7.188E+09     3.594E+09  3.594E+09 
so4_c1        0.000E+00  4.460E-11*    0.000E+00  3.568E-11*    0.000E+00  2.676E-11*    0.000E+00  1.784E-11*
pom_c1        0.000E+00  0.000E+00     0.000E+00  0.000E+00     0.000E+00  0.000E+00     0.000E+00  0.000E+00 
soa_c1        0.000E+00  0.000E+00     0.000E+00  0.000E+00     0.000E+00  0.000E+00     0.000E+00  0.000E+00 
bc_c1         0.000E+00  0.000E+00     0.000E+00  0.000E+00     0.000E+00  0.000E+00     0.000E+00  0.000E+00 
ncl_c1        0.000E+00  0.000E+00     0.000E+00  0.000E+00     0.000E+00  0.000E+00     0.000E+00  0.000E+00 
dst_c1        0.000E+00  0.000E+00     0.000E+00  0.000E+00     0.000E+00  0.000E+00     0.000E+00  0.000E+00 
num_c1        0.000E+00  0.000E+00     0.000E+00  0.000E+00     0.000E+00  0.000E+00     0.000E+00  0.000E+00 
so4_c2        0.000E+00  0.000E+00     0.000E+00  0.000E+00     0.000E+00  0.000E+00     0.000E+00  0.000E+00 
soa_c2        0.000E+00  0.000E+00     0.000E+00  0.000E+00     0.000E+00  0.000E+00     0.000E+00  0.000E+00 
ncl_c2        0.000E+00  0.000E+00     0.000E+00  0.000E+00     0.000E+00  0.000E+00     0.000E+00  0.000E+00 
num_c2        0.000E+00  0.000E+00     0.000E+00  0.000E+00     0.000E+00  0.000E+00     0.000E+00  0.000E+00 
dst_c3        0.000E+00  0.000E+00     0.000E+00  0.000E+00     0.000E+00  0.000E+00     0.000E+00  0.000E+00 
ncl_c3        0.000E+00  0.000E+00     0.000E+00  0.000E+00     0.000E+00  0.000E+00     0.000E+00  0.000E+00 
so4_c3        0.000E+00  0.000E+00     0.000E+00  0.000E+00     0.000E+00  0.000E+00     0.000E+00  0.000E+00 
num_c3        0.000E+00  0.000E+00     0.000E+00  0.000E+00     0.000E+00  0.000E+00     0.000E+00  0.000E+00 
pom_c4        0.000E+00  0.000E+00     0.000E+00  0.000E+00     0.000E+00  0.000E+00     0.000E+00  0.000E+00 
bc_c4         0.000E+00  0.000E+00     0.000E+00  0.000E+00     0.000E+00  0.000E+00     0.000E+00  0.000E+00 
num_c4        0.000E+00  0.000E+00     0.000E+00  0.000E+00     0.000E+00  0.000E+00     0.000E+00  0.000E+00 

gaex        1       8
H2O2          0.000E+00  0.000E+00     0.000E+00  0.000E+00     0.000E+00  0.000E+00     0.000E+00  0.000E+00 
H2SO4         4.786E-13  3.455E-17*    3.829E-13  3.103E-13*    2.871E-13  2.592E-13*    1.914E-13  1.785E-13*
SO2           1.549E-10  1.549E-10     1.239E-10  1.239E-10     9.295E-11  9.295E-11     6.197E-11  6.197E-11 
DMS           0.000E+00  0.000E+00     0.000E+00  0.000E+00     0.000E+00  0.000E+00     0.000E+00  0.000E+00 
SOAG          3.000E-10  2.614E-10*    2.400E-10  2.130E-10*    1.800E-10  1.690E-10*    1.200E-10  1.178E-10*
so4_a1        0.000E+00  1.338E-13*    0.000E+00  7.256E-14*    0.000E+00  2.797E-14*    0.000E+00  5.691E-15*
pom_a1        0.000E+00  1.294E-10*    0.000E+00  8.931E-11*    0.000E+00  3.608E-11*    0.000E+00  7.400E-12*
soa_a1        0.000E+00  3.866E-11*    0.000E+00  2.707E-11*    0.000E+00  1.096E-11*    0.000E+00  2.249E-12*
bc_a1         0.000E+00  1.438E-11*    0.000E+00  9.924E-12*    0.000E+00  4.009E-12*    0.000E+00  8.222E-13*
ncl_a1        0.000E+00  0.000E+00     0.000E+00  0.000E+00     0.000E+00  0.000E+00     0.000E+00  0.000E+00 
dst_a1        0.000E+00  0.000E+00     0.000E+00  0.000E+00     0.000E+00  0.000E+00     0.000E+00  0.000E+00 
num_a1        0.000E+00  5.470E+09*    0.000E+00  3.777E+09*    0.000E+00  1.526E+09*    0.000E+00  3.131E+08*
so4_a2        0.000E+00  3.447E-13*    0.000E+00  0.000E+00     0.000E+00  0.000E+00     0.000E+00  7.252E-15*
soa_a2        0.000E+00  0.000E+00     0.000E+00  0.000E+00     0.000E+00  0.000E+00     0.000E+00  0.000E+00 
ncl_a2        0.000E+00  0.000E+00     0.000E+00  0.000E+00     0.000E+00  0.000E+00     0.000E+00  0.000E+00 
num_a2        0.000E+00  1.827E+10*    0.000E+00  0.000E+00     0.000E+00  0.000E+00     0.000E+00  3.858E+08*
dst_a3        0.000E+00  0.000E+00     0.000E+00  0.000E+00     0.000E+00  0.000E+00     0.000E+00  0.000E+00 
ncl_a3        0.000E+00  0.000E+00     0.000E+00  0.000E+00     0.000E+00  0.000E+00     0.000E+00  0.000E+00 
so4_a3        0.000E+00  0.000E+00     0.000E+00  0.000E+00     0.000E+00  0.000E+00     0.000E+00  0.000E+00 
num_a3        0.000E+00  0.000E+00     0.000E+00  0.000E+00     0.000E+00  0.000E+00     0.000E+00  0.000E+00 
pom_a4        3.397E-10  2.103E-10*    2.548E-10  1.655E-10*    1.699E-10  1.338E-10*    8.493E-11  7.753E-11*
bc_a4         3.775E-11  2.337E-11*    2.831E-11  1.839E-11*    1.887E-11  1.486E-11*    9.437E-12  8.614E-12*
num_a4        1.438E+10  8.900E+09*    1.078E+10  7.002E+09*    7.188E+09  5.661E+09*    3.594E+09  3.281E+09*
so4_c1        4.460E-11  4.460E-11     3.568E-11  3.568E-11     2.676E-11  2.676E-11     1.784E-11  1.784E-11 
pom_c1        0.000E+00  0.000E+00     0.000E+00  0.000E+00     0.000E+00  0.000E+00     0.000E+00  0.000E+00 
soa_c1        0.000E+00  0.000E+00     0.000E+00  0.000E+00     0.000E+00  0.000E+00     0.000E+00  0.000E+00 
bc_c1         0.000E+00  0.000E+00     0.000E+00  0.000E+00     0.000E+00  0.000E+00     0.000E+00  0.000E+00 
ncl_c1        0.000E+00  0.000E+00     0.000E+00  0.000E+00     0.000E+00  0.000E+00     0.000E+00  0.000E+00 
dst_c1        0.000E+00  0.000E+00     0.000E+00  0.000E+00     0.000E+00  0.000E+00     0.000E+00  0.000E+00 
num_c1        0.000E+00  0.000E+00     0.000E+00  0.000E+00     0.000E+00  0.000E+00     0.000E+00  0.000E+00 
so4_c2        0.000E+00  0.000E+00     0.000E+00  0.000E+00     0.000E+00  0.000E+00     0.000E+00  0.000E+00 
soa_c2        0.000E+00  0.000E+00     0.000E+00  0.000E+00     0.000E+00  0.000E+00     0.000E+00  0.000E+00 
ncl_c2        0.000E+00  0.000E+00     0.000E+00  0.000E+00     0.000E+00  0.000E+00     0.000E+00  0.000E+00 
num_c2        0.000E+00  0.000E+00     0.000E+00  0.000E+00     0.000E+00  0.000E+00     0.000E+00  0.000E+00 
dst_c3        0.000E+00  0.000E+00     0.000E+00  0.000E+00     0.000E+00  0.000E+00     0.000E+00  0.000E+00 
ncl_c3        0.000E+00  0.000E+00     0.000E+00  0.000E+00     0.000E+00  0.000E+00     0.000E+00  0.000E+00 
so4_c3        0.000E+00  0.000E+00     0.000E+00  0.000E+00     0.000E+00  0.000E+00     0.000E+00  0.000E+00 
num_c3        0.000E+00  0.000E+00     0.000E+00  0.000E+00     0.000E+00  0.000E+00     0.000E+00  0.000E+00 
pom_c4        0.000E+00  0.000E+00     0.000E+00  0.000E+00     0.000E+00  0.000E+00     0.000E+00  0.000E+00 
bc_c4         0.000E+00  0.000E+00     0.000E+00  0.000E+00     0.000E+00  0.000E+00     0.000E+00  0.000E+00 
num_c4        0.000E+00  0.000E+00     0.000E+00  0.000E+00     0.000E+00  0.000E+00     0.000E+00  0.000E+00 
mdo_gasch, cldch, gaex, rename, newnuc, coag    1    1    1    1    1    1
mopt_h2so4_uptake, gaexch_h2so4_uptake_flagaa, newnuc_h2so4_conc_flagaa, mosaic    1    2    2    F
mopt_aero_comp, aero_load, ait_size   11   72    2
deltat, xopt_cloudf   1800.000000      0.600000

gasch       2       8
H2O2          0.000E+00  0.000E+00     0.000E+00  0.000E+00     0.000E+00  0.000E+00     0.000E+00  0.000E+00 
H2SO4         3.455E-17  9.267E-13*    3.103E-13  7.414E-13*    2.592E-13  5.560E-13*    1.785E-13  3.707E-13*
SO2           1.549E-10  1.540E-10*    1.239E-10  1.232E-10*    9.295E-11  9.240E-11*    6.197E-11  6.160E-11*
DMS           0.000E+00  0.000E+00     0.000E+00  0.000E+00     0.000E+00  0.000E+00     0.000E+00  0.000E+00 
SOAG          2.614E-10  2.614E-10     2.130E-10  2.130E-10     1.690E-10  1.690E-10     1.178E-10  1.178E-10 
so4_a1        1.338E-13  1.338E-13     7.256E-14  7.256E-14     2.797E-14  2.797E-14     5.691E-15  5.691E-15 
pom_a1        1.294E-10  1.294E-10     8.931E-11  8.931E-11     3.608E-11  3.608E-11     7.400E-12  7.400E-12 
soa_a1        3.866E-11  3.866E-11     2.707E-11  2.707E-11     1.096E-11  1.096E-11     2.249E-12  2.249E-12 
bc_a1         1.438E-11  1.438E-11     9.924E-12  9.924E-12     4.009E-12  4.009E-12     8.222E-13  8.222E-13 
ncl_a1        0.000E+00  0.000E+00     0.000E+00  0.000E+00     0.000E+00  0.000E+00     0.000E+00  0.000E+00 
dst_a1        0.000E+00  0.000E+00     0.000E+00  0.000E+00     0.000E+00  0.000E+00     0.000E+00  0.000E+00 
num_a1        5.470E+09  5.470E+09     3.777E+09  3.777E+09     1.526E+09  1.526E+09     3.131E+08  3.131E+08 
so4_a2        3.447E-13  3.447E-13     0.000E+00  0.000E+00     0.000E+00  0.000E+00     7.252E-15  7.252E-15 
soa_a2        0.000E+00  0.000E+00     0.000E+00  0.000E+00     0.000E+00  0.000E+00     0.000E+00  0.000E+00 
ncl_a2        0.000E+00  0.000E+00     0.000E+00  0.000E+00     0.000E+00  0.000E+00     0.000E+00  0.000E+00 
num_a2        1.827E+10  1.827E+10     0.000E+00  0.000E+00     0.000E+00  0.000E+00     3.858E+08  3.858E+08 
dst_a3        0.000E+00  0.000E+00     0.000E+00  0.000E+00     0.000E+00  0.000E+00     0.000E+00  0.000E+00 
ncl_a3        0.000E+00  0.000E+00     0.000E+00  0.000E+00     0.000E+00  0.000E+00     0.000E+00  0.000E+00 
so4_a3        0.000E+00  0.000E+00     0.000E+00  0.000E+00     0.000E+00  0.000E+00     0.000E+00  0.000E+00 
num_a3        0.000E+00  0.000E+00     0.000E+00  0.000E+00     0.000E+00  0.000E+00     0.000E+00  0.000E+00 
pom_a4        2.103E-10  2.103E-10     1.655E-10  1.655E-10     1.338E-10  1.338E-10     7.753E-11  7.753E-11 
bc_a4         2.337E-11  2.337E-11     1.839E-11  1.839E-11     1.486E-11  1.486E-11     8.614E-12  8.614E-12 
num_a4        8.900E+09  8.900E+09     7.002E+09  7.002E+09     5.661E+09  5.661E+09     3.281E+09  3.281E+09 
so4_c1        4.460E-11  4.460E-11     3.568E-11  3.568E-11     2.676E-11  2.676E-11     1.784E-11  1.784E-11 
pom_c1        0.000E+00  0.000E+00     0.000E+00  0.000E+00     0.000E+00  0.000E+00     0.000E+00  0.000E+00 
soa_c1        0.000E+00  0.000E+00     0.000E+00  0.000E+00     0.000E+00  0.000E+00     0.000E+00  0.000E+00 
bc_c1         0.000E+00  0.000E+00     0.000E+00  0.000E+00     0.000E+00  0.000E+00     0.000E+00  0.000E+00 
ncl_c1        0.000E+00  0.000E+00     0.000E+00  0.000E+00     0.000E+00  0.000E+00     0.000E+00  0.000E+00 
dst_c1        0.000E+00  0.000E+00     0.000E+00  0.000E+00     0.000E+00  0.000E+00     0.000E+00  0.000E+00 
num_c1        1.052E+04  1.052E+04     8.417E+03  8.417E+03     6.313E+03  6.313E+03     4.209E+03  4.209E+03 
so4_c2        0.000E+00  0.000E+00     0.000E+00  0.000E+00     0.000E+00  0.000E+00     0.000E+00  0.000E+00 
soa_c2        0.000E+00  0.000E+00     0.000E+00  0.000E+00     0.000E+00  0.000E+00     0.000E+00  0.000E+00 
ncl_c2        0.000E+00  0.000E+00     0.000E+00  0.000E+00     0.000E+00  0.000E+00     0.000E+00  0.000E+00 
num_c2        0.000E+00  0.000E+00     0.000E+00  0.000E+00     0.000E+00  0.000E+00     0.000E+00  0.000E+00 
dst_c3        0.000E+00  0.000E+00     0.000E+00  0.000E+00     0.000E+00  0.000E+00     0.000E+00  0.000E+00 
ncl_c3        0.000E+00  0.000E+00     0.000E+00  0.000E+00     0.000E+00  0.000E+00     0.000E+00  0.000E+00 
so4_c3        0.000E+00  0.000E+00     0.000E+00  0.000E+00     0.000E+00  0.000E+00     0.000E+00  0.000E+00 
num_c3        0.000E+00  0.000E+00     0.000E+00  0.000E+00     0.000E+00  0.000E+00     0.000E+00  0.000E+00 
pom_c4        0.000E+00  0.000E+00     0.000E+00  0.000E+00     0.000E+00  0.000E+00     0.000E+00  0.000E+00 
bc_c4         0.000E+00  0.000E+00     0.000E+00  0.000E+00     0.000E+00  0.000E+00     0.000E+00  0.000E+00 
num_c4        0.000E+00  0.000E+00     0.000E+00  0.000E+00     0.000E+00  0.000E+00     0.000E+00  0.000E+00 

cldch       2       8
H2O2          0.000E+00  0.000E+00     0.000E+00  0.000E+00     0.000E+00  0.000E+00     0.000E+00  0.000E+00 
H2SO4         9.267E-13  3.707E-13*    7.414E-13  2.966E-13*    5.560E-13  2.224E-13*    3.707E-13  1.483E-13*
SO2           1.540E-10  1.200E-10*    1.232E-10  9.600E-11*    9.240E-11  7.200E-11*    6.160E-11  4.800E-11*
DMS           0.000E+00  0.000E+00     0.000E+00  0.000E+00     0.000E+00  0.000E+00     0.000E+00  0.000E+00 
SOAG          2.614E-10  2.614E-10     2.130E-10  2.130E-10     1.690E-10  1.690E-10     1.178E-10  1.178E-10 
so4_a1        1.338E-13  1.338E-13     7.256E-14  7.256E-14     2.797E-14  2.797E-14     5.691E-15  5.691E-15 
pom_a1        1.294E-10  1.294E-10     8.931E-11  8.931E-11     3.608E-11  3.608E-11     7.400E-12  7.400E-12 
soa_a1        3.866E-11  3.866E-11     2.707E-11  2.707E-11     1.096E-11  1.096E-11     2.249E-12  2.249E-12 
bc_a1         1.438E-11  1.438E-11     9.924E-12  9.924E-12     4.009E-12  4.009E-12     8.222E-13  8.222E-13 
ncl_a1        0.000E+00  0.000E+00     0.000E+00  0.000E+00     0.000E+00  0.000E+00     0.000E+00  0.000E+00 
dst_a1        0.000E+00  0.000E+00     0.000E+00  0.000E+00     0.000E+00  0.000E+00     0.000E+00  0.000E+00 
num_a1        5.470E+09  5.470E+09     3.777E+09  3.777E+09     1.526E+09  1.526E+09     3.131E+08  3.131E+08 
so4_a2        3.447E-13  3.447E-13     0.000E+00  0.000E+00     0.000E+00  0.000E+00     7.252E-15  7.252E-15 
soa_a2        0.000E+00  0.000E+00     0.000E+00  0.000E+00     0.000E+00  0.000E+00     0.000E+00  0.000E+00 
ncl_a2        0.000E+00  0.000E+00     0.000E+00  0.000E+00     0.000E+00  0.000E+00     0.000E+00  0.000E+00 
num_a2        1.827E+10  1.827E+10     0.000E+00  0.000E+00     0.000E+00  0.000E+00     3.858E+08  3.858E+08 
dst_a3        0.000E+00  0.000E+00     0.000E+00  0.000E+00     0.000E+00  0.000E+00     0.000E+00  0.000E+00 
ncl_a3        0.000E+00  0.000E+00     0.000E+00  0.000E+00     0.000E+00  0.000E+00     0.000E+00  0.000E+00 
so4_a3        0.000E+00  0.000E+00     0.000E+00  0.000E+00     0.000E+00  0.000E+00     0.000E+00  0.000E+00 
num_a3        0.000E+00  0.000E+00     0.000E+00  0.000E+00     0.000E+00  0.000E+00     0.000E+00  0.000E+00 
pom_a4        2.103E-10  2.103E-10     1.655E-10  1.655E-10     1.338E-10  1.338E-10     7.753E-11  7.753E-11 
bc_a4         2.337E-11  2.337E-11     1.839E-11  1.839E-11     1.486E-11  1.486E-11     8.614E-12  8.614E-12 
num_a4        8.900E+09  8.900E+09     7.002E+09  7.002E+09     5.661E+09  5.661E+09     3.281E+09  3.281E+09 
so4_c1        4.460E-11  7.915E-11*    3.568E-11  6.332E-11*    2.676E-11  4.749E-11*    1.784E-11  3.166E-11*
pom_c1        0.000E+00  0.000E+00     0.000E+00  0.000E+00     0.000E+00  0.000E+00     0.000E+00  0.000E+00 
soa_c1        0.000E+00  0.000E+00     0.000E+00  0.000E+00     0.000E+00  0.000E+00     0.000E+00  0.000E+00 
bc_c1         0.000E+00  0.000E+00     0.000E+00  0.000E+00     0.000E+00  0.000E+00     0.000E+00  0.000E+00 
ncl_c1        0.000E+00  0.000E+00     0.000E+00  0.000E+00     0.000E+00  0.000E+00     0.000E+00  0.000E+00 
dst_c1        0.000E+00  0.000E+00     0.000E+00  0.000E+00     0.000E+00  0.000E+00     0.000E+00  0.000E+00 
num_c1        1.052E+04  1.052E+04     8.417E+03  8.417E+03     6.313E+03  6.313E+03     4.209E+03  4.209E+03 
so4_c2        0.000E+00  0.000E+00     0.000E+00  0.000E+00     0.000E+00  0.000E+00     0.000E+00  0.000E+00 
soa_c2        0.000E+00  0.000E+00     0.000E+00  0.000E+00     0.000E+00  0.000E+00     0.000E+00  0.000E+00 
ncl_c2        0.000E+00  0.000E+00     0.000E+00  0.000E+00     0.000E+00  0.000E+00     0.000E+00  0.000E+00 
num_c2        0.000E+00  0.000E+00     0.000E+00  0.000E+00     0.000E+00  0.000E+00     0.000E+00  0.000E+00 
dst_c3        0.000E+00  0.000E+00     0.000E+00  0.000E+00     0.000E+00  0.000E+00     0.000E+00  0.000E+00 
ncl_c3        0.000E+00  0.000E+00     0.000E+00  0.000E+00     0.000E+00  0.000E+00     0.000E+00  0.000E+00 
so4_c3        0.000E+00  0.000E+00     0.000E+00  0.000E+00     0.000E+00  0.000E+00     0.000E+00  0.000E+00 
num_c3        0.000E+00  0.000E+00     0.000E+00  0.000E+00     0.000E+00  0.000E+00     0.000E+00  0.000E+00 
pom_c4        0.000E+00  0.000E+00     0.000E+00  0.000E+00     0.000E+00  0.000E+00     0.000E+00  0.000E+00 
bc_c4         0.000E+00  0.000E+00     0.000E+00  0.000E+00     0.000E+00  0.000E+00     0.000E+00  0.000E+00 
num_c4        0.000E+00  0.000E+00     0.000E+00  0.000E+00     0.000E+00  0.000E+00     0.000E+00  0.000E+00 

gaex        2       8
H2O2          0.000E+00  0.000E+00     0.000E+00  0.000E+00     0.000E+00  0.000E+00     0.000E+00  0.000E+00 
H2SO4         3.707E-13  2.572E-17*    2.966E-13  2.186E-13*    2.224E-13  1.911E-13*    1.483E-13  1.261E-13*
SO2           1.200E-10  1.200E-10     9.600E-11  9.600E-11     7.200E-11  7.200E-11     4.800E-11  4.800E-11 
DMS           0.000E+00  0.000E+00     0.000E+00  0.000E+00     0.000E+00  0.000E+00     0.000E+00  0.000E+00 
SOAG          2.614E-10  2.254E-10*    2.130E-10  1.886E-10*    1.690E-10  1.587E-10*    1.178E-10  1.155E-10*
so4_a1        1.338E-13  2.416E-13*    7.256E-14  1.505E-13*    2.797E-14  5.925E-14*    5.691E-15  1.221E-14*
pom_a1        1.294E-10  1.932E-10*    8.931E-11  1.408E-10*    3.608E-11  6.299E-11*    7.400E-12  1.408E-11*
soa_a1        3.866E-11  7.245E-11*    2.707E-11  5.148E-11*    1.096E-11  2.132E-11*    2.249E-12  4.463E-12*
bc_a1         1.438E-11  2.147E-11*    9.924E-12  1.565E-11*    4.009E-12  6.999E-12*    8.222E-13  1.564E-12*
ncl_a1        0.000E+00  0.000E+00     0.000E+00  0.000E+00     0.000E+00  0.000E+00     0.000E+00  0.000E+00 
dst_a1        0.000E+00  0.000E+00     0.000E+00  0.000E+00     0.000E+00  0.000E+00     0.000E+00  0.000E+00 
num_a1        5.470E+09  8.164E+09*    3.777E+09  5.954E+09*    1.526E+09  2.664E+09*    3.131E+08  5.957E+08*
so4_a2        3.447E-13  6.076E-13*    0.000E+00  0.000E+00     0.000E+00  0.000E+00     7.252E-15  2.291E-14*
soa_a2        0.000E+00  2.243E-12*    0.000E+00  0.000E+00     0.000E+00  0.000E+00     0.000E+00  6.176E-15*
ncl_a2        0.000E+00  0.000E+00     0.000E+00  0.000E+00     0.000E+00  0.000E+00     0.000E+00  0.000E+00 
num_a2        1.827E+10  3.166E+10*    0.000E+00  0.000E+00     0.000E+00  0.000E+00     3.858E+08  1.217E+09*
dst_a3        0.000E+00  0.000E+00     0.000E+00  0.000E+00     0.000E+00  0.000E+00     0.000E+00  0.000E+00 
ncl_a3        0.000E+00  0.000E+00     0.000E+00  0.000E+00     0.000E+00  0.000E+00     0.000E+00  0.000E+00 
so4_a3        0.000E+00  0.000E+00     0.000E+00  0.000E+00     0.000E+00  0.000E+00     0.000E+00  0.000E+00 
num_a3        0.000E+00  0.000E+00     0.000E+00  0.000E+00     0.000E+00  0.000E+00     0.000E+00  0.000E+00 
pom_a4        2.103E-10  1.465E-10*    1.655E-10  1.140E-10*    1.338E-10  1.069E-10*    7.753E-11  7.085E-11*
bc_a4         2.337E-11  1.628E-11*    1.839E-11  1.266E-11*    1.486E-11  1.187E-11*    8.614E-12  7.872E-12*
num_a4        8.900E+09  6.200E+09*    7.002E+09  4.822E+09*    5.661E+09  4.522E+09*    3.281E+09  2.998E+09*
so4_c1        7.915E-11  7.915E-11     6.332E-11  6.332E-11     4.749E-11  4.749E-11     3.166E-11  3.166E-11 
pom_c1        0.000E+00  0.000E+00     0.000E+00  0.000E+00     0.000E+00  0.000E+00     0.000E+00  0.000E+00 
soa_c1        0.000E+00  0.000E+00     0.000E+00  0.000E+00     0.000E+00  0.000E+00     0.000E+00  0.000E+00 
bc_c1         0.000E+00  0.000E+00     0.000E+00  0.000E+00     0.000E+00  0.000E+00     0.000E+00  0.000E+00 
ncl_c1        0.000E+00  0.000E+00     0.000E+00  0.000E+00     0.000E+00  0.000E+00     0.000E+00  0.000E+00 
dst_c1        0.000E+00  0.000E+00     0.000E+00  0.000E+00     0.000E+00  0.000E+00     0.000E+00  0.000E+00 
num_c1        1.052E+04  1.052E+04     8.417E+03  8.417E+03     6.313E+03  6.313E+03     4.209E+03  4.209E+03 
so4_c2        0.000E+00  0.000E+00     0.000E+00  0.000E+00     0.000E+00  0.000E+00     0.000E+00  0.000E+00 
soa_c2        0.000E+00  0.000E+00     0.000E+00  0.000E+00     0.000E+00  0.000E+00     0.000E+00  0.000E+00 
ncl_c2        0.000E+00  0.000E+00     0.000E+00  0.000E+00     0.000E+00  0.000E+00     0.000E+00  0.000E+00 
num_c2        0.000E+00  0.000E+00     0.000E+00  0.000E+00     0.000E+00  0.000E+00     0.000E+00  0.000E+00 
dst_c3        0.000E+00  0.000E+00     0.000E+00  0.000E+00     0.000E+00  0.000E+00     0.000E+00  0.000E+00 
ncl_c3        0.000E+00  0.000E+00     0.000E+00  0.000E+00     0.000E+00  0.000E+00     0.000E+00  0.000E+00 
so4_c3        0.000E+00  0.000E+00     0.000E+00  0.000E+00     0.000E+00  0.000E+00     0.000E+00  0.000E+00 
num_c3        0.000E+00  0.000E+00     0.000E+00  0.000E+00     0.000E+00  0.000E+00     0.000E+00  0.000E+00 
pom_c4        0.000E+00  0.000E+00     0.000E+00  0.000E+00     0.000E+00  0.000E+00     0.000E+00  0.000E+00 
bc_c4         0.000E+00  0.000E+00     0.000E+00  0.000E+00     0.000E+00  0.000E+00     0.000E+00  0.000E+00 
num_c4        0.000E+00  0.000E+00     0.000E+00  0.000E+00     0.000E+00  0.000E+00     0.000E+00  0.000E+00 
mdo_gasch, cldch, gaex, rename, newnuc, coag    1    1    1    1    1    1
mopt_h2so4_uptake, gaexch_h2so4_uptake_flagaa, newnuc_h2so4_conc_flagaa, mosaic    1    2    2    F
mopt_aero_comp, aero_load, ait_size   11   72    2
deltat, xopt_cloudf   1800.000000      0.600000

gasch       3       8
H2O2          0.000E+00  0.000E+00     0.000E+00  0.000E+00     0.000E+00  0.000E+00     0.000E+00  0.000E+00 
H2SO4         2.572E-17  7.179E-13*    2.186E-13  5.743E-13*    1.911E-13  4.307E-13*    1.261E-13  2.871E-13*
SO2           1.200E-10  1.193E-10*    9.600E-11  9.543E-11*    7.200E-11  7.157E-11*    4.800E-11  4.771E-11*
DMS           0.000E+00  0.000E+00     0.000E+00  0.000E+00     0.000E+00  0.000E+00     0.000E+00  0.000E+00 
SOAG          2.254E-10  2.254E-10     1.886E-10  1.886E-10     1.587E-10  1.587E-10     1.155E-10  1.155E-10 
so4_a1        2.416E-13  2.416E-13     1.505E-13  1.505E-13     5.925E-14  5.925E-14     1.221E-14  1.221E-14 
pom_a1        1.932E-10  1.932E-10     1.408E-10  1.408E-10     6.299E-11  6.299E-11     1.408E-11  1.408E-11 
soa_a1        7.245E-11  7.245E-11     5.148E-11  5.148E-11     2.132E-11  2.132E-11     4.463E-12  4.463E-12 
bc_a1         2.147E-11  2.147E-11     1.565E-11  1.565E-11     6.999E-12  6.999E-12     1.564E-12  1.564E-12 
ncl_a1        0.000E+00  0.000E+00     0.000E+00  0.000E+00     0.000E+00  0.000E+00     0.000E+00  0.000E+00 
dst_a1        0.000E+00  0.000E+00     0.000E+00  0.000E+00     0.000E+00  0.000E+00     0.000E+00  0.000E+00 
num_a1        8.163E+09  8.163E+09     5.954E+09  5.954E+09     2.664E+09  2.664E+09     5.956E+08  5.956E+08 
so4_a2        6.076E-13  6.076E-13     0.000E+00  0.000E+00     0.000E+00  0.000E+00     2.291E-14  2.291E-14 
soa_a2        2.243E-12  2.243E-12     0.000E+00  0.000E+00     0.000E+00  0.000E+00     6.176E-15  6.176E-15 
ncl_a2        0.000E+00  0.000E+00     0.000E+00  0.000E+00     0.000E+00  0.000E+00     0.000E+00  0.000E+00 
num_a2        3.166E+10  3.166E+10     0.000E+00  0.000E+00     0.000E+00  0.000E+00     1.217E+09  1.217E+09 
dst_a3        0.000E+00  0.000E+00     0.000E+00  0.000E+00     0.000E+00  0.000E+00     0.000E+00  0.000E+00 
ncl_a3        0.000E+00  0.000E+00     0.000E+00  0.000E+00     0.000E+00  0.000E+00     0.000E+00  0.000E+00 
so4_a3        0.000E+00  0.000E+00     0.000E+00  0.000E+00     0.000E+00  0.000E+00     0.000E+00  0.000E+00 
num_a3        0.000E+00  0.000E+00     0.000E+00  0.000E+00     0.000E+00  0.000E+00     0.000E+00  0.000E+00 
pom_a4        1.465E-10  1.465E-10     1.140E-10  1.140E-10     1.069E-10  1.069E-10     7.085E-11  7.085E-11 
bc_a4         1.628E-11  1.628E-11     1.266E-11  1.266E-11     1.187E-11  1.187E-11     7.872E-12  7.872E-12 
num_a4        6.200E+09  6.200E+09     4.822E+09  4.822E+09     4.522E+09  4.522E+09     2.998E+09  2.998E+09 
so4_c1        7.915E-11  7.915E-11     6.332E-11  6.332E-11     4.749E-11  4.749E-11     3.166E-11  3.166E-11 
pom_c1        0.000E+00  0.000E+00     0.000E+00  0.000E+00     0.000E+00  0.000E+00     0.000E+00  0.000E+00 
soa_c1        0.000E+00  0.000E+00     0.000E+00  0.000E+00     0.000E+00  0.000E+00     0.000E+00  0.000E+00 
bc_c1         0.000E+00  0.000E+00     0.000E+00  0.000E+00     0.000E+00  0.000E+00     0.000E+00  0.000E+00 
ncl_c1        0.000E+00  0.000E+00     0.000E+00  0.000E+00     0.000E+00  0.000E+00     0.000E+00  0.000E+00 
dst_c1        0.000E+00  0.000E+00     0.000E+00  0.000E+00     0.000E+00  0.000E+00     0.000E+00  0.000E+00 
num_c1        2.897E+04  2.897E+04     2.318E+04  2.318E+04     1.738E+04  1.738E+04     1.159E+04  1.159E+04 
so4_c2        0.000E+00  0.000E+00     0.000E+00  0.000E+00     0.000E+00  0.000E+00     0.000E+00  0.000E+00 
soa_c2        0.000E+00  0.000E+00     0.000E+00  0.000E+00     0.000E+00  0.000E+00     0.000E+00  0.000E+00 
ncl_c2        0.000E+00  0.000E+00     0.000E+00  0.000E+00     0.000E+00  0.000E+00     0.000E+00  0.000E+00 
num_c2        0.000E+00  0.000E+00     0.000E+00  0.000E+00     0.000E+00  0.000E+00     0.000E+00  0.000E+00 
dst_c3        0.000E+00  0.000E+00     0.000E+00  0.000E+00     0.000E+00  0.000E+00     0.000E+00  0.000E+00 
ncl_c3        0.000E+00  0.000E+00     0.000E+00  0.000E+00     0.000E+00  0.000E+00     0.000E+00  0.000E+00 
so4_c3        0.000E+00  0.000E+00     0.000E+00  0.000E+00     0.000E+00  0.000E+00     0.000E+00  0.000E+00 
num_c3        0.000E+00  0.000E+00     0.000E+00  0.000E+00     0.000E+00  0.000E+00     0.000E+00  0.000E+00 
pom_c4        0.000E+00  0.000E+00     0.000E+00  0.000E+00     0.000E+00  0.000E+00     0.000E+00  0.000E+00 
bc_c4         0.000E+00  0.000E+00     0.000E+00  0.000E+00     0.000E+00  0.000E+00     0.000E+00  0.000E+00 
num_c4        0.000E+00  0.000E+00     0.000E+00  0.000E+00     0.000E+00  0.000E+00     0.000E+00  0.000E+00 

cldch       3       8
H2O2          0.000E+00  0.000E+00     0.000E+00  0.000E+00     0.000E+00  0.000E+00     0.000E+00  0.000E+00 
H2SO4         7.179E-13  2.871E-13*    5.743E-13  2.297E-13*    4.307E-13  1.723E-13*    2.871E-13  1.149E-13*
SO2           1.193E-10  9.296E-11*    9.543E-11  7.437E-11*    7.157E-11  5.577E-11*    4.771E-11  3.718E-11*
DMS           0.000E+00  0.000E+00     0.000E+00  0.000E+00     0.000E+00  0.000E+00     0.000E+00  0.000E+00 
SOAG          2.254E-10  2.254E-10     1.886E-10  1.886E-10     1.587E-10  1.587E-10     1.155E-10  1.155E-10 
so4_a1        2.416E-13  2.416E-13     1.505E-13  1.505E-13     5.925E-14  5.925E-14     1.221E-14  1.221E-14 
pom_a1        1.932E-10  1.932E-10     1.408E-10  1.408E-10     6.299E-11  6.299E-11     1.408E-11  1.408E-11 
soa_a1        7.245E-11  7.245E-11     5.148E-11  5.148E-11     2.132E-11  2.132E-11     4.463E-12  4.463E-12 
bc_a1         2.147E-11  2.147E-11     1.565E-11  1.565E-11     6.999E-12  6.999E-12     1.564E-12  1.564E-12 
ncl_a1        0.000E+00  0.000E+00     0.000E+00  0.000E+00     0.000E+00  0.000E+00     0.000E+00  0.000E+00 
dst_a1        0.000E+00  0.000E+00     0.000E+00  0.000E+00     0.000E+00  0.000E+00     0.000E+00  0.000E+00 
num_a1        8.163E+09  8.163E+09     5.954E+09  5.954E+09     2.664E+09  2.664E+09     5.956E+08  5.956E+08 
so4_a2        6.076E-13  6.076E-13     0.000E+00  0.000E+00     0.000E+00  0.000E+00     2.291E-14  2.291E-14 
soa_a2        2.243E-12  2.243E-12     0.000E+00  0.000E+00     0.000E+00  0.000E+00     6.176E-15  6.176E-15 
ncl_a2        0.000E+00  0.000E+00     0.000E+00  0.000E+00     0.000E+00  0.000E+00     0.000E+00  0.000E+00 
num_a2        3.166E+10  3.166E+10     0.000E+00  0.000E+00     0.000E+00  0.000E+00     1.217E+09  1.217E+09 
dst_a3        0.000E+00  0.000E+00     0.000E+00  0.000E+00     0.000E+00  0.000E+00     0.000E+00  0.000E+00 
ncl_a3        0.000E+00  0.000E+00     0.000E+00  0.000E+00     0.000E+00  0.000E+00     0.000E+00  0.000E+00 
so4_a3        0.000E+00  0.000E+00     0.000E+00  0.000E+00     0.000E+00  0.000E+00     0.000E+00  0.000E+00 
num_a3        0.000E+00  0.000E+00     0.000E+00  0.000E+00     0.000E+00  0.000E+00     0.000E+00  0.000E+00 
pom_a4        1.465E-10  1.465E-10     1.140E-10  1.140E-10     1.069E-10  1.069E-10     7.085E-11  7.085E-11 
bc_a4         1.628E-11  1.628E-11     1.266E-11  1.266E-11     1.187E-11  1.187E-11     7.872E-12  7.872E-12 
num_a4        6.200E+09  6.200E+09     4.822E+09  4.822E+09     4.522E+09  4.522E+09     2.998E+09  2.998E+09 
so4_c1        7.915E-11  1.059E-10*    6.332E-11  8.473E-11*    4.749E-11  6.354E-11*    3.166E-11  4.236E-11*
pom_c1        0.000E+00  0.000E+00     0.000E+00  0.000E+00     0.000E+00  0.000E+00     0.000E+00  0.000E+00 
soa_c1        0.000E+00  0.000E+00     0.000E+00  0.000E+00     0.000E+00  0.000E+00     0.000E+00  0.000E+00 
bc_c1         0.000E+00  0.000E+00     0.000E+00  0.000E+00     0.000E+00  0.000E+00     0.000E+00  0.000E+00 
ncl_c1        0.000E+00  0.000E+00     0.000E+00  0.000E+00     0.000E+00  0.000E+00     0.000E+00  0.000E+00 
dst_c1        0.000E+00  0.000E+00     0.000E+00  0.000E+00     0.000E+00  0.000E+00     0.000E+00  0.000E+00 
num_c1        2.897E+04  2.897E+04     2.318E+04  2.318E+04     1.738E+04  1.738E+04     1.159E+04  1.159E+04 
so4_c2        0.000E+00  0.000E+00     0.000E+00  0.000E+00     0.000E+00  0.000E+00     0.000E+00  0.000E+00 
soa_c2        0.000E+00  0.000E+00     0.000E+00  0.000E+00     0.000E+00  0.000E+00     0.000E+00  0.000E+00 
ncl_c2        0.000E+00  0.000E+00     0.000E+00  0.000E+00     0.000E+00  0.000E+00     0.000E+00  0.000E+00 
num_c2        0.000E+00  0.000E+00     0.000E+00  0.000E+00     0.000E+00  0.000E+00     0.000E+00  0.000E+00 
dst_c3        0.000E+00  0.000E+00     0.000E+00  0.000E+00     0.000E+00  0.000E+00     0.000E+00  0.000E+00 
ncl_c3        0.000E+00  0.000E+00     0.000E+00  0.000E+00     0.000E+00  0.000E+00     0.000E+00  0.000E+00 
so4_c3        0.000E+00  0.000E+00     0.000E+00  0.000E+00     0.000E+00  0.000E+00     0.000E+00  0.000E+00 
num_c3        0.000E+00  0.000E+00     0.000E+00  0.000E+00     0.000E+00  0.000E+00     0.000E+00  0.000E+00 
pom_c4        0.000E+00  0.000E+00     0.000E+00  0.000E+00     0.000E+00  0.000E+00     0.000E+00  0.000E+00 
bc_c4         0.000E+00  0.000E+00     0.000E+00  0.000E+00     0.000E+00  0.000E+00     0.000E+00  0.000E+00 
num_c4        0.000E+00  0.000E+00     0.000E+00  0.000E+00     0.000E+00  0.000E+00     0.000E+00  0.000E+00 

gaex        3       8
H2O2          0.000E+00  0.000E+00     0.000E+00  0.000E+00     0.000E+00  0.000E+00     0.000E+00  0.000E+00 
H2SO4         2.871E-13  1.904E-17*    2.297E-13  1.693E-13*    1.723E-13  1.482E-13*    1.149E-13  1.070E-13*
SO2           9.296E-11  9.296E-11     7.437E-11  7.437E-11     5.577E-11  5.577E-11     3.718E-11  3.718E-11 
DMS           0.000E+00  0.000E+00     0.000E+00  0.000E+00     0.000E+00  0.000E+00     0.000E+00  0.000E+00 
SOAG          2.254E-10  1.931E-10*    1.886E-10  1.665E-10*    1.587E-10  1.489E-10*    1.155E-10  1.133E-10*
so4_a1        2.416E-13  3.280E-13*    1.505E-13  2.109E-13*    5.925E-14  8.338E-14*    1.221E-14  1.713E-14*
pom_a1        1.932E-10  2.278E-10*    1.408E-10  1.717E-10*    6.299E-11  8.295E-11*    1.408E-11  1.999E-11*
soa_a1        7.245E-11  1.010E-10*    5.148E-11  7.358E-11*    2.132E-11  3.115E-11*    4.463E-12  6.643E-12*
bc_a1         2.147E-11  2.531E-11*    1.565E-11  1.908E-11*    6.999E-12  9.216E-12*    1.564E-12  2.221E-12*
ncl_a1        0.000E+00  0.000E+00     0.000E+00  0.000E+00     0.000E+00  0.000E+00     0.000E+00  0.000E+00 
dst_a1        0.000E+00  0.000E+00     0.000E+00  0.000E+00     0.000E+00  0.000E+00     0.000E+00  0.000E+00 
num_a1        8.163E+09  9.621E+09*    5.954E+09  7.255E+09*    2.664E+09  3.507E+09*    5.956E+08  8.456E+08*
so4_a2        6.076E-13  8.083E-13*    0.000E+00  0.000E+00     0.000E+00  0.000E+00     2.291E-14  2.580E-14*
soa_a2        2.243E-12  5.989E-12*    0.000E+00  0.000E+00     0.000E+00  0.000E+00     6.176E-15  2.592E-14*
ncl_a2        0.000E+00  0.000E+00     0.000E+00  0.000E+00     0.000E+00  0.000E+00     0.000E+00  0.000E+00 
num_a2        3.166E+10  4.148E+10*    0.000E+00  0.000E+00     0.000E+00  0.000E+00     1.217E+09  1.368E+09*
dst_a3        0.000E+00  0.000E+00     0.000E+00  0.000E+00     0.000E+00  0.000E+00     0.000E+00  0.000E+00 
ncl_a3        0.000E+00  0.000E+00     0.000E+00  0.000E+00     0.000E+00  0.000E+00     0.000E+00  0.000E+00 
so4_a3        0.000E+00  0.000E+00     0.000E+00  0.000E+00     0.000E+00  0.000E+00     0.000E+00  0.000E+00 
num_a3        0.000E+00  0.000E+00     0.000E+00  0.000E+00     0.000E+00  0.000E+00     0.000E+00  0.000E+00 
pom_a4        1.465E-10  1.119E-10*    1.140E-10  8.311E-11*    1.069E-10  8.691E-11*    7.085E-11  6.494E-11*
bc_a4         1.628E-11  1.244E-11*    1.266E-11  9.235E-12*    1.187E-11  9.657E-12*    7.872E-12  7.216E-12*
num_a4        6.200E+09  4.736E+09*    4.822E+09  3.517E+09*    4.522E+09  3.677E+09*    2.998E+09  2.748E+09*
so4_c1        1.059E-10  1.059E-10     8.473E-11  8.473E-11     6.354E-11  6.354E-11     4.236E-11  4.236E-11 
pom_c1        0.000E+00  0.000E+00     0.000E+00  0.000E+00     0.000E+00  0.000E+00     0.000E+00  0.000E+00 
soa_c1        0.000E+00  0.000E+00     0.000E+00  0.000E+00     0.000E+00  0.000E+00     0.000E+00  0.000E+00 
bc_c1         0.000E+00  0.000E+00     0.000E+00  0.000E+00     0.000E+00  0.000E+00     0.000E+00  0.000E+00 
ncl_c1        0.000E+00  0.000E+00     0.000E+00  0.000E+00     0.000E+00  0.000E+00     0.000E+00  0.000E+00 
dst_c1        0.000E+00  0.000E+00     0.000E+00  0.000E+00     0.000E+00  0.000E+00     0.000E+00  0.000E+00 
num_c1        2.897E+04  2.897E+04     2.318E+04  2.318E+04     1.738E+04  1.738E+04     1.159E+04  1.159E+04 
so4_c2        0.000E+00  0.000E+00     0.000E+00  0.000E+00     0.000E+00  0.000E+00     0.000E+00  0.000E+00 
soa_c2        0.000E+00  0.000E+00     0.000E+00  0.000E+00     0.000E+00  0.000E+00     0.000E+00  0.000E+00 
ncl_c2        0.000E+00  0.000E+00     0.000E+00  0.000E+00     0.000E+00  0.000E+00     0.000E+00  0.000E+00 
num_c2        0.000E+00  0.000E+00     0.000E+00  0.000E+00     0.000E+00  0.000E+00     0.000E+00  0.000E+00 
dst_c3        0.000E+00  0.000E+00     0.000E+00  0.000E+00     0.000E+00  0.000E+00     0.000E+00  0.000E+00 
ncl_c3        0.000E+00  0.000E+00     0.000E+00  0.000E+00     0.000E+00  0.000E+00     0.000E+00  0.000E+00 
so4_c3        0.000E+00  0.000E+00     0.000E+00  0.000E+00     0.000E+00  0.000E+00     0.000E+00  0.000E+00 
num_c3        0.000E+00  0.000E+00     0.000E+00  0.000E+00     0.000E+00  0.000E+00     0.000E+00  0.000E+00 
pom_c4        0.000E+00  0.000E+00     0.000E+00  0.000E+00     0.000E+00  0.000E+00     0.000E+00  0.000E+00 
bc_c4         0.000E+00  0.000E+00     0.000E+00  0.000E+00     0.000E+00  0.000E+00     0.000E+00  0.000E+00 
num_c4        0.000E+00  0.000E+00     0.000E+00  0.000E+00     0.000E+00  0.000E+00     0.000E+00  0.000E+00 
