mdo_gasch, cldch, gaex, rename, newnuc, coag    1    1    1    1    1    1
mopt_h2so4_uptake, gaexch_h2so4_uptake_flagaa, newnuc_h2so4_conc_flagaa, mosaic    1    2    2    F
mopt_aero_comp, aero_load, ait_size   11   72    2
deltat, xopt_cloudf   1800.000000      0.600000

gasch       1       4
H2O2          0.000E+00  0.000E+00     0.000E+00  0.000E+00     0.000E+00  0.000E+00     0.000E+00  0.000E+00 
H2SO4         0.000E+00  5.982E-11*    0.000E+00  4.786E-11*    0.000E+00  3.589E-11*    0.000E+00  2.393E-11*
SO2           1.000E-08  9.940E-09*    8.000E-09  7.952E-09*    6.000E-09  5.964E-09*    4.000E-09  3.976E-09*
DMS           0.000E+00  0.000E+00     0.000E+00  0.000E+00     0.000E+00  0.000E+00     0.000E+00  0.000E+00 
SOAG          0.000E+00  0.000E+00     0.000E+00  0.000E+00     0.000E+00  0.000E+00     0.000E+00  0.000E+00 
so4_a1        0.000E+00  0.000E+00     0.000E+00  0.000E+00     0.000E+00  0.000E+00     0.000E+00  0.000E+00 
pom_a1        0.000E+00  0.000E+00     0.000E+00  0.000E+00     0.000E+00  0.000E+00     0.000E+00  0.000E+00 
soa_a1        0.000E+00  0.000E+00     0.000E+00  0.000E+00     0.000E+00  0.000E+00     0.000E+00  0.000E+00 
bc_a1         0.000E+00  0.000E+00     0.000E+00  0.000E+00     0.000E+00  0.000E+00     0.000E+00  0.000E+00 
ncl_a1        0.000E+00  0.000E+00     0.000E+00  0.000E+00     0.000E+00  0.000E+00     0.000E+00  0.000E+00 
dst_a1        0.000E+00  0.000E+00     0.000E+00  0.000E+00     0.000E+00  0.000E+00     0.000E+00  0.000E+00 
num_a1        0.000E+00  0.000E+00     0.000E+00  0.000E+00     0.000E+00  0.000E+00     0.000E+00  0.000E+00 
so4_a2        0.000E+00  0.000E+00     0.000E+00  0.000E+00     0.000E+00  0.000E+00     0.000E+00  0.000E+00 
soa_a2        0.000E+00  0.000E+00     0.000E+00  0.000E+00     0.000E+00  0.000E+00     0.000E+00  0.000E+00 
ncl_a2        0.000E+00  0.000E+00     0.000E+00  0.000E+00     0.000E+00  0.000E+00     0.000E+00  0.000E+00 
num_a2        0.000E+00  0.000E+00     0.000E+00  0.000E+00     0.000E+00  0.000E+00     0.000E+00  0.000E+00 
dst_a3        0.000E+00  0.000E+00     0.000E+00  0.000E+00     0.000E+00  0.000E+00     0.000E+00  0.000E+00 
ncl_a3        0.000E+00  0.000E+00     0.000E+00  0.000E+00     0.000E+00  0.000E+00     0.000E+00  0.000E+00 
so4_a3        0.000E+00  0.000E+00     0.000E+00  0.000E+00     0.000E+00  0.000E+00     0.000E+00  0.000E+00 
num_a3        0.000E+00  0.000E+00     0.000E+00  0.000E+00     0.000E+00  0.000E+00     0.000E+00  0.000E+00 
pom_a4        3.397E-10  3.397E-10     2.548E-10  2.548E-10     1.699E-10  1.699E-10     8.493E-11  8.493E-11 
bc_a4         3.775E-11  3.775E-11     2.831E-11  2.831E-11     1.887E-11  1.887E-11     9.437E-12  9.437E-12 
num_a4        1.438E+10  1.438E+10     1.078E+10  1.078E+10     7.188E+09  7.188E+09     3.594E+09  3.594E+09 
so4_c1        0.000E+00  0.000E+00     0.000E+00  0.000E+00     0.000E+00  0.000E+00     0.000E+00  0.000E+00 
pom_c1        0.000E+00  0.000E+00     0.000E+00  0.000E+00     0.000E+00  0.000E+00     0.000E+00  0.000E+00 
soa_c1        0.000E+00  0.000E+00     0.000E+00  0.000E+00     0.000E+00  0.000E+00     0.000E+00  0.000E+00 
bc_c1         0.000E+00  0.000E+00     0.000E+00  0.000E+00     0.000E+00  0.000E+00     0.000E+00  0.000E+00 
ncl_c1        0.000E+00  0.000E+00     0.000E+00  0.000E+00     0.000E+00  0.000E+00     0.000E+00  0.000E+00 
dst_c1        0.000E+00  0.000E+00     0.000E+00  0.000E+00     0.000E+00  0.000E+00     0.000E+00  0.000E+00 
num_c1        0.000E+00  0.000E+00     0.000E+00  0.000E+00     0.000E+00  0.000E+00     0.000E+00  0.000E+00 
so4_c2        0.000E+00  0.000E+00     0.000E+00  0.000E+00     0.000E+00  0.000E+00     0.000E+00  0.000E+00 
soa_c2        0.000E+00  0.000E+00     0.000E+00  0.000E+00     0.000E+00  0.000E+00     0.000E+00  0.000E+00 
ncl_c2        0.000E+00  0.000E+00     0.000E+00  0.000E+00     0.000E+00  0.000E+00     0.000E+00  0.000E+00 
num_c2        0.000E+00  0.000E+00     0.000E+00  0.000E+00     0.000E+00  0.000E+00     0.000E+00  0.000E+00 
dst_c3        0.000E+00  0.000E+00     0.000E+00  0.000E+00     0.000E+00  0.000E+00     0.000E+00  0.000E+00 
ncl_c3        0.000E+00  0.000E+00     0.000E+00  0.000E+00     0.000E+00  0.000E+00     0.000E+00  0.000E+00 
so4_c3        0.000E+00  0.000E+00     0.000E+00  0.000E+00     0.000E+00  0.000E+00     0.000E+00  0.000E+00 
num_c3        0.000E+00  0.000E+00     0.000E+00  0.000E+00     0.000E+00  0.000E+00     0.000E+00  0.000E+00 
pom_c4        0.000E+00  0.000E+00     0.000E+00  0.000E+00     0.000E+00  0.000E+00     0.000E+00  0.000E+00 
bc_c4         0.000E+00  0.000E+00     0.000E+00  0.000E+00     0.000E+00  0.000E+00     0.000E+00  0.000E+00 
num_c4        0.000E+00  0.000E+00     0.000E+00  0.000E+00     0.000E+00  0.000E+00     0.000E+00  0.000E+00 

cldch       1       4
H2O2          0.000E+00  0.000E+00     0.000E+00  0.000E+00     0.000E+00  0.000E+00     0.000E+00  0.000E+00 
H2SO4         5.982E-11  2.393E-11*    4.786E-11  1.914E-11*    3.589E-11  1.436E-11*    2.393E-11  9.571E-12*
SO2           9.940E-09  7.746E-09*    7.952E-09  6.197E-09*    5.964E-09  4.648E-09*    3.976E-09  3.098E-09*
DMS           0.000E+00  0.000E+00     0.000E+00  0.000E+00     0.000E+00  0.000E+00     0.000E+00  0.000E+00 
SOAG          0.000E+00  0.000E+00     0.000E+00  0.000E+00     0.000E+00  0.000E+00     0.000E+00  0.000E+00 
so4_a1        0.000E+00  0.000E+00     0.000E+00  0.000E+00     0.000E+00  0.000E+00     0.000E+00  0.000E+00 
pom_a1        0.000E+00  0.000E+00     0.000E+00  0.000E+00     0.000E+00  0.000E+00     0.000E+00  0.000E+00 
soa_a1        0.000E+00  0.000E+00     0.000E+00  0.000E+00     0.000E+00  0.000E+00     0.000E+00  0.000E+00 
bc_a1         0.000E+00  0.000E+00     0.000E+00  0.000E+00     0.000E+00  0.000E+00     0.000E+00  0.000E+00 
ncl_a1        0.000E+00  0.000E+00     0.000E+00  0.000E+00     0.000E+00  0.000E+00     0.000E+00  0.000E+00 
dst_a1        0.000E+00  0.000E+00     0.000E+00  0.000E+00     0.000E+00  0.000E+00     0.000E+00  0.000E+00 
num_a1        0.000E+00  0.000E+00     0.000E+00  0.000E+00     0.000E+00  0.000E+00     0.000E+00  0.000E+00 
so4_a2        0.000E+00  0.000E+00     0.000E+00  0.000E+00     0.000E+00  0.000E+00     0.000E+00  0.000E+00 
soa_a2        0.000E+00  0.000E+00     0.000E+00  0.000E+00     0.000E+00  0.000E+00     0.000E+00  0.000E+00 
ncl_a2        0.000E+00  0.000E+00     0.000E+00  0.000E+00     0.000E+00  0.000E+00     0.000E+00  0.000E+00 
num_a2        0.000E+00  0.000E+00     0.000E+00  0.000E+00     0.000E+00  0.000E+00     0.000E+00  0.000E+00 
dst_a3        0.000E+00  0.000E+00     0.000E+00  0.000E+00     0.000E+00  0.000E+00     0.000E+00  0.000E+00 
ncl_a3        0.000E+00  0.000E+00     0.000E+00  0.000E+00     0.000E+00  0.000E+00     0.000E+00  0.000E+00 
so4_a3        0.000E+00  0.000E+00     0.000E+00  0.000E+00     0.000E+00  0.000E+00     0.000E+00  0.000E+00 
num_a3        0.000E+00  0.000E+00     0.000E+00  0.000E+00     0.000E+00  0.000E+00     0.000E+00  0.000E+00 
pom_a4        3.397E-10  3.397E-10     2.548E-10  2.548E-10     1.699E-10  1.699E-10     8.493E-11  8.493E-11 
bc_a4         3.775E-11  3.775E-11     2.831E-11  2.831E-11     1.887E-11  1.887E-11     9.437E-12  9.437E-12 
num_a4        1.438E+10  1.438E+10     1.078E+10  1.078E+10     7.188E+09  7.188E+09     3.594E+09  3.594E+09 
so4_c1        0.000E+00  2.230E-09*    0.000E+00  1.784E-09*    0.000E+00  1.338E-09*    0.000E+00  8.920E-10*
pom_c1        0.000E+00  0.000E+00     0.000E+00  0.000E+00     0.000E+00  0.000E+00     0.000E+00  0.000E+00 
soa_c1        0.000E+00  0.000E+00     0.000E+00  0.000E+00     0.000E+00  0.000E+00     0.000E+00  0.000E+00 
bc_c1         0.000E+00  0.000E+00     0.000E+00  0.000E+00     0.000E+00  0.000E+00     0.000E+00  0.000E+00 
ncl_c1        0.000E+00  0.000E+00     0.000E+00  0.000E+00     0.000E+00  0.000E+00     0.000E+00  0.000E+00 
dst_c1        0.000E+00  0.000E+00     0.000E+00  0.000E+00     0.000E+00  0.000E+00     0.000E+00  0.000E+00 
num_c1        0.000E+00  0.000E+00     0.000E+00  0.000E+00     0.000E+00  0.000E+00     0.000E+00  0.000E+00 
so4_c2        0.000E+00  0.000E+00     0.000E+00  0.000E+00     0.000E+00  0.000E+00     0.000E+00  0.000E+00 
soa_c2        0.000E+00  0.000E+00     0.000E+00  0.000E+00     0.000E+00  0.000E+00     0.000E+00  0.000E+00 
ncl_c2        0.000E+00  0.000E+00     0.000E+00  0.000E+00     0.000E+00  0.000E+00     0.000E+00  0.000E+00 
num_c2        0.000E+00  0.000E+00     0.000E+00  0.000E+00     0.000E+00  0.000E+00     0.000E+00  0.000E+00 
dst_c3        0.000E+00  0.000E+00     0.000E+00  0.000E+00     0.000E+00  0.000E+00     0.000E+00  0.000E+00 
ncl_c3        0.000E+00  0.000E+00     0.000E+00  0.000E+00     0.000E+00  0.000E+00     0.000E+00  0.000E+00 
so4_c3        0.000E+00  0.000E+00     0.000E+00  0.000E+00     0.000E+00  0.000E+00     0.000E+00  0.000E+00 
num_c3        0.000E+00  0.000E+00     0.000E+00  0.000E+00     0.000E+00  0.000E+00     0.000E+00  0.000E+00 
pom_c4        0.000E+00  0.000E+00     0.000E+00  0.000E+00     0.000E+00  0.000E+00     0.000E+00  0.000E+00 
bc_c4         0.000E+00  0.000E+00     0.000E+00  0.000E+00     0.000E+00  0.000E+00     0.000E+00  0.000E+00 
num_c4        0.000E+00  0.000E+00     0.000E+00  0.000E+00     0.000E+00  0.000E+00     0.000E+00  0.000E+00 

gaex        1       4
H2O2          0.000E+00  0.000E+00     0.000E+00  0.000E+00     0.000E+00  0.000E+00     0.000E+00  0.000E+00 
H2SO4         2.393E-11  1.728E-15*    1.914E-11  3.574E-12*    1.436E-11  1.296E-15*    9.571E-12  9.287E-16*
SO2           7.746E-09  7.746E-09     6.197E-09  6.197E-09     4.648E-09  4.648E-09     3.098E-09  3.098E-09 
DMS           0.000E+00  0.000E+00     0.000E+00  0.000E+00     0.000E+00  0.000E+00     0.000E+00  0.000E+00 
SOAG          0.000E+00  0.000E+00     0.000E+00  0.000E+00     0.000E+00  0.000E+00     0.000E+00  0.000E+00 
so4_a1        0.000E+00  6.690E-12*    0.000E+00  3.646E-12*    0.000E+00  1.410E-12*    0.000E+00  2.875E-13*
pom_a1        0.000E+00  1.359E-10*    0.000E+00  1.019E-10*    0.000E+00  6.794E-11*    0.000E+00  1.767E-11*
soa_a1        0.000E+00  0.000E+00     0.000E+00  0.000E+00     0.000E+00  0.000E+00     0.000E+00  0.000E+00 
bc_a1         0.000E+00  1.510E-11*    0.000E+00  1.132E-11*    0.000E+00  7.549E-12*    0.000E+00  1.963E-12*
ncl_a1        0.000E+00  0.000E+00     0.000E+00  0.000E+00     0.000E+00  0.000E+00     0.000E+00  0.000E+00 
dst_a1        0.000E+00  0.000E+00     0.000E+00  0.000E+00     0.000E+00  0.000E+00     0.000E+00  0.000E+00 
num_a1        0.000E+00  5.744E+09*    0.000E+00  4.310E+09*    0.000E+00  2.874E+09*    0.000E+00  7.476E+08*
so4_a2        0.000E+00  1.724E-11*    0.000E+00  1.192E-11*    0.000E+00  1.295E-11*    0.000E+00  9.283E-12*
soa_a2        0.000E+00  0.000E+00     0.000E+00  0.000E+00     0.000E+00  0.000E+00     0.000E+00  0.000E+00 
ncl_a2        0.000E+00  0.000E+00     0.000E+00  0.000E+00     0.000E+00  0.000E+00     0.000E+00  0.000E+00 
num_a2        0.000E+00  7.649E+11*    0.000E+00  5.593E+11*    0.000E+00  6.164E+11*    0.000E+00  4.684E+11*
dst_a3        0.000E+00  0.000E+00     0.000E+00  0.000E+00     0.000E+00  0.000E+00     0.000E+00  0.000E+00 
ncl_a3        0.000E+00  0.000E+00     0.000E+00  0.000E+00     0.000E+00  0.000E+00     0.000E+00  0.000E+00 
so4_a3        0.000E+00  0.000E+00     0.000E+00  0.000E+00     0.000E+00  0.000E+00     0.000E+00  0.000E+00 
num_a3        0.000E+00  0.000E+00     0.000E+00  0.000E+00     0.000E+00  0.000E+00     0.000E+00  0.000E+00 
pom_a4        3.397E-10  2.038E-10*    2.548E-10  1.529E-10*    1.699E-10  1.019E-10*    8.493E-11  6.726E-11*
bc_a4         3.775E-11  2.265E-11*    2.831E-11  1.699E-11*    1.887E-11  1.132E-11*    9.437E-12  7.473E-12*
num_a4        1.438E+10  8.626E+09*    1.078E+10  6.469E+09*    7.188E+09  4.313E+09*    3.594E+09  2.846E+09*
so4_c1        2.230E-09  2.230E-09     1.784E-09  1.784E-09     1.338E-09  1.338E-09     8.920E-10  8.920E-10 
pom_c1        0.000E+00  0.000E+00     0.000E+00  0.000E+00     0.000E+00  0.000E+00     0.000E+00  0.000E+00 
soa_c1        0.000E+00  0.000E+00     0.000E+00  0.000E+00     0.000E+00  0.000E+00     0.000E+00  0.000E+00 
bc_c1         0.000E+00  0.000E+00     0.000E+00  0.000E+00     0.000E+00  0.000E+00     0.000E+00  0.000E+00 
ncl_c1        0.000E+00  0.000E+00     0.000E+00  0.000E+00     0.000E+00  0.000E+00     0.000E+00  0.000E+00 
dst_c1        0.000E+00  0.000E+00     0.000E+00  0.000E+00     0.000E+00  0.000E+00     0.000E+00  0.000E+00 
num_c1        0.000E+00  0.000E+00     0.000E+00  0.000E+00     0.000E+00  0.000E+00     0.000E+00  0.000E+00 
so4_c2        0.000E+00  0.000E+00     0.000E+00  0.000E+00     0.000E+00  0.000E+00     0.000E+00  0.000E+00 
soa_c2        0.000E+00  0.000E+00     0.000E+00  0.000E+00     0.000E+00  0.000E+00     0.000E+00  0.000E+00 
ncl_c2        0.000E+00  0.000E+00     0.000E+00  0.000E+00     0.000E+00  0.000E+00     0.000E+00  0.000E+00 
num_c2        0.000E+00  0.000E+00     0.000E+00  0.000E+00     0.000E+00  0.000E+00     0.000E+00  0.000E+00 
dst_c3        0.000E+00  0.000E+00     0.000E+00  0.000E+00     0.000E+00  0.000E+00     0.000E+00  0.000E+00 
ncl_c3        0.000E+00  0.000E+00     0.000E+00  0.000E+00     0.000E+00  0.000E+00     0.000E+00  0.000E+00 
so4_c3        0.000E+00  0.000E+00     0.000E+00  0.000E+00     0.000E+00  0.000E+00     0.000E+00  0.000E+00 
num_c3        0.000E+00  0.000E+00     0.000E+00  0.000E+00     0.000E+00  0.000E+00     0.000E+00  0.000E+00 
pom_c4        0.000E+00  0.000E+00     0.000E+00  0.000E+00     0.000E+00  0.000E+00     0.000E+00  0.000E+00 
bc_c4         0.000E+00  0.000E+00     0.000E+00  0.000E+00     0.000E+00  0.000E+00     0.000E+00  0.000E+00 
num_c4        0.000E+00  0.000E+00     0.000E+00  0.000E+00     0.000E+00  0.000E+00     0.000E+00  0.000E+00 
mdo_gasch, cldch, gaex, rename, newnuc, coag    1    1    1    1    1    1
mopt_h2so4_uptake, gaexch_h2so4_uptake_flagaa, newnuc_h2so4_conc_flagaa, mosaic    1    2    2    F
mopt_aero_comp, aero_load, ait_size   11   72    2
deltat, xopt_cloudf   1800.000000      0.600000

gasch       2       4
H2O2          0.000E+00  0.000E+00     0.000E+00  0.000E+00     0.000E+00  0.000E+00     0.000E+00  0.000E+00 
H2SO4         1.728E-15  4.634E-11*    3.574E-12  3.707E-11*    1.296E-15  2.780E-11*    9.287E-16  1.853E-11*
SO2           7.746E-09  7.700E-09*    6.197E-09  6.160E-09*    4.648E-09  4.620E-09*    3.098E-09  3.080E-09*
DMS           0.000E+00  0.000E+00     0.000E+00  0.000E+00     0.000E+00  0.000E+00     0.000E+00  0.000E+00 
SOAG          0.000E+00  0.000E+00     0.000E+00  0.000E+00     0.000E+00  0.000E+00     0.000E+00  0.000E+00 
so4_a1        6.690E-12  6.690E-12     3.646E-12  3.646E-12     1.410E-12  1.410E-12     2.875E-13  2.875E-13 
pom_a1        1.359E-10  1.359E-10     1.019E-10  1.019E-10     6.794E-11  6.794E-11     1.767E-11  1.767E-11 
soa_a1        0.000E+00  0.000E+00     0.000E+00  0.000E+00     0.000E+00  0.000E+00     0.000E+00  0.000E+00 
bc_a1         1.510E-11  1.510E-11     1.132E-11  1.132E-11     7.549E-12  7.549E-12     1.963E-12  1.963E-12 
ncl_a1        0.000E+00  0.000E+00     0.000E+00  0.000E+00     0.000E+00  0.000E+00     0.000E+00  0.000E+00 
dst_a1        0.000E+00  0.000E+00     0.000E+00  0.000E+00     0.000E+00  0.000E+00     0.000E+00  0.000E+00 
num_a1        5.744E+09  5.744E+09     4.309E+09  4.309E+09     2.874E+09  2.874E+09     7.474E+08  7.474E+08 
so4_a2        1.724E-11  1.724E-11     1.192E-11  1.192E-11     1.295E-11  1.295E-11     9.283E-12  9.283E-12 
soa_a2        0.000E+00  0.000E+00     0.000E+00  0.000E+00     0.000E+00  0.000E+00     0.000E+00  0.000E+00 
ncl_a2        0.000E+00  0.000E+00     0.000E+00  0.000E+00     0.000E+00  0.000E+00     0.000E+00  0.000E+00 
num_a2        7.649E+11  7.649E+11     5.593E+11  5.593E+11     6.164E+11  6.164E+11     4.684E+11  4.684E+11 
dst_a3        0.000E+00  0.000E+00     0.000E+00  0.000E+00     0.000E+00  0.000E+00     0.000E+00  0.000E+00 
ncl_a3        0.000E+00  0.000E+00     0.000E+00  0.000E+00     0.000E+00  0.000E+00     0.000E+00  0.000E+00 
so4_a3        0.000E+00  0.000E+00     0.000E+00  0.000E+00     0.000E+00  0.000E+00     0.000E+00  0.000E+00 
num_a3        0.000E+00  0.000E+00     0.000E+00  0.000E+00     0.000E+00  0.000E+00     0.000E+00  0.000E+00 
pom_a4        2.038E-10  2.038E-10     1.529E-10  1.529E-10     1.019E-10  1.019E-10     6.726E-11  6.726E-11 
bc_a4         2.265E-11  2.265E-11     1.699E-11  1.699E-11     1.132E-11  1.132E-11     7.473E-12  7.473E-12 
num_a4        8.626E+09  8.626E+09     6.469E+09  6.469E+09     4.313E+09  4.313E+09     2.846E+09  2.846E+09 
so4_c1        2.230E-09  2.230E-09     1.784E-09  1.784E-09     1.338E-09  1.338E-09     8.920E-10  8.920E-10 
pom_c1        0.000E+00  0.000E+00     0.000E+00  0.000E+00     0.000E+00  0.000E+00     0.000E+00  0.000E+00 
soa_c1        0.000E+00  0.000E+00     0.000E+00  0.000E+00     0.000E+00  0.000E+00     0.000E+00  0.000E+00 
bc_c1         0.000E+00  0.000E+00     0.000E+00  0.000E+00     0.000E+00  0.000E+00     0.000E+00  0.000E+00 
ncl_c1        0.000E+00  0.000E+00     0.000E+00  0.000E+00     0.000E+00  0.000E+00     0.000E+00  0.000E+00 
dst_c1        0.000E+00  0.000E+00     0.000E+00  0.000E+00     0.000E+00  0.000E+00     0.000E+00  0.000E+00 
num_c1        5.261E+05  5.261E+05     4.209E+05  4.209E+05     3.157E+05  3.157E+05     2.104E+05  2.104E+05 
so4_c2        0.000E+00  0.000E+00     0.000E+00  0.000E+00     0.000E+00  0.000E+00     0.000E+00  0.000E+00 
soa_c2        0.000E+00  0.000E+00     0.000E+00  0.000E+00     0.000E+00  0.000E+00     0.000E+00  0.000E+00 
ncl_c2        0.000E+00  0.000E+00     0.000E+00  0.000E+00     0.000E+00  0.000E+00     0.000E+00  0.000E+00 
num_c2        0.000E+00  0.000E+00     0.000E+00  0.000E+00     0.000E+00  0.000E+00     0.000E+00  0.000E+00 
dst_c3        0.000E+00  0.000E+00     0.000E+00  0.000E+00     0.000E+00  0.000E+00     0.000E+00  0.000E+00 
ncl_c3        0.000E+00  0.000E+00     0.000E+00  0.000E+00     0.000E+00  0.000E+00     0.000E+00  0.000E+00 
so4_c3        0.000E+00  0.000E+00     0.000E+00  0.000E+00     0.000E+00  0.000E+00     0.000E+00  0.000E+00 
num_c3        0.000E+00  0.000E+00     0.000E+00  0.000E+00     0.000E+00  0.000E+00     0.000E+00  0.000E+00 
pom_c4        0.000E+00  0.000E+00     0.000E+00  0.000E+00     0.000E+00  0.000E+00     0.000E+00  0.000E+00 
bc_c4         0.000E+00  0.000E+00     0.000E+00  0.000E+00     0.000E+00  0.000E+00     0.000E+00  0.000E+00 
num_c4        0.000E+00  0.000E+00     0.000E+00  0.000E+00     0.000E+00  0.000E+00     0.000E+00  0.000E+00 

cldch       2       4
H2O2          0.000E+00  0.000E+00     0.000E+00  0.000E+00     0.000E+00  0.000E+00     0.000E+00  0.000E+00 
H2SO4         4.634E-11  1.853E-11*    3.707E-11  1.483E-11*    2.780E-11  1.112E-11*    1.853E-11  7.414E-12*
SO2           7.700E-09  6.000E-09*    6.160E-09  4.800E-09*    4.620E-09  3.600E-09*    3.080E-09  2.400E-09*
DMS           0.000E+00  0.000E+00     0.000E+00  0.000E+00     0.000E+00  0.000E+00     0.000E+00  0.000E+00 
SOAG          0.000E+00  0.000E+00     0.000E+00  0.000E+00     0.000E+00  0.000E+00     0.000E+00  0.000E+00 
so4_a1        6.690E-12  6.690E-12     3.646E-12  3.646E-12     1.410E-12  1.410E-12     2.875E-13  2.875E-13 
pom_a1        1.359E-10  1.359E-10     1.019E-10  1.019E-10     6.794E-11  6.794E-11     1.767E-11  1.767E-11 
soa_a1        0.000E+00  0.000E+00     0.000E+00  0.000E+00     0.000E+00  0.000E+00     0.000E+00  0.000E+00 
bc_a1         1.510E-11  1.510E-11     1.132E-11  1.132E-11     7.549E-12  7.549E-12     1.963E-12  1.963E-12 
ncl_a1        0.000E+00  0.000E+00     0.000E+00  0.000E+00     0.000E+00  0.000E+00     0.000E+00  0.000E+00 
dst_a1        0.000E+00  0.000E+00     0.000E+00  0.000E+00     0.000E+00  0.000E+00     0.000E+00  0.000E+00 
num_a1        5.744E+09  5.744E+09     4.309E+09  4.309E+09     2.874E+09  2.874E+09     7.474E+08  7.474E+08 
so4_a2        1.724E-11  1.724E-11     1.192E-11  1.192E-11     1.295E-11  1.295E-11     9.283E-12  9.283E-12 
soa_a2        0.000E+00  0.000E+00     0.000E+00  0.000E+00     0.000E+00  0.000E+00     0.000E+00  0.000E+00 
ncl_a2        0.000E+00  0.000E+00     0.000E+00  0.000E+00     0.000E+00  0.000E+00     0.000E+00  0.000E+00 
num_a2        7.649E+11  7.649E+11     5.593E+11  5.593E+11     6.164E+11  6.164E+11     4.684E+11  4.684E+11 
dst_a3        0.000E+00  0.000E+00     0.000E+00  0.000E+00     0.000E+00  0.000E+00     0.000E+00  0.000E+00 
ncl_a3        0.000E+00  0.000E+00     0.000E+00  0.000E+00     0.000E+00  0.000E+00     0.000E+00  0.000E+00 
so4_a3        0.000E+00  0.000E+00     0.000E+00  0.000E+00     0.000E+00  0.000E+00     0.000E+00  0.000E+00 
num_a3        0.000E+00  0.000E+00     0.000E+00  0.000E+00     0.000E+00  0.000E+00     0.000E+00  0.000E+00 
pom_a4        2.038E-10  2.038E-10     1.529E-10  1.529E-10     1.019E-10  1.019E-10     6.726E-11  6.726E-11 
bc_a4         2.265E-11  2.265E-11     1.699E-11  1.699E-11     1.132E-11  1.132E-11     7.473E-12  7.473E-12 
num_a4        8.626E+09  8.626E+09     6.469E+09  6.469E+09     4.313E+09  4.313E+09     2.846E+09  2.846E+09 
so4_c1        2.230E-09  3.957E-09*    1.784E-09  3.166E-09*    1.338E-09  2.374E-09*    8.920E-10  1.583E-09*
pom_c1        0.000E+00  0.000E+00     0.000E+00  0.000E+00     0.000E+00  0.000E+00     0.000E+00  0.000E+00 
soa_c1        0.000E+00  0.000E+00     0.000E+00  0.000E+00     0.000E+00  0.000E+00     0.000E+00  0.000E+00 
bc_c1         0.000E+00  0.000E+00     0.000E+00  0.000E+00     0.000E+00  0.000E+00     0.000E+00  0.000E+00 
ncl_c1        0.000E+00  0.000E+00     0.000E+00  0.000E+00     0.000E+00  0.000E+00     0.000E+00  0.000E+00 
dst_c1        0.000E+00  0.000E+00     0.000E+00  0.000E+00     0.000E+00  0.000E+00     0.000E+00  0.000E+00 
num_c1        5.261E+05  5.261E+05     4.209E+05  4.209E+05     3.157E+05  3.157E+05     2.104E+05  2.104E+05 
so4_c2        0.000E+00  0.000E+00     0.000E+00  0.000E+00     0.000E+00  0.000E+00     0.000E+00  0.000E+00 
soa_c2        0.000E+00  0.000E+00     0.000E+00  0.000E+00     0.000E+00  0.000E+00     0.000E+00  0.000E+00 
ncl_c2        0.000E+00  0.000E+00     0.000E+00  0.000E+00     0.000E+00  0.000E+00     0.000E+00  0.000E+00 
num_c2        0.000E+00  0.000E+00     0.000E+00  0.000E+00     0.000E+00  0.000E+00     0.000E+00  0.000E+00 
dst_c3        0.000E+00  0.000E+00     0.000E+00  0.000E+00     0.000E+00  0.000E+00     0.000E+00  0.000E+00 
ncl_c3        0.000E+00  0.000E+00     0.000E+00  0.000E+00     0.000E+00  0.000E+00     0.000E+00  0.000E+00 
so4_c3        0.000E+00  0.000E+00     0.000E+00  0.000E+00     0.000E+00  0.000E+00     0.000E+00  0.000E+00 
num_c3        0.000E+00  0.000E+00     0.000E+00  0.000E+00     0.000E+00  0.000E+00     0.000E+00  0.000E+00 
pom_c4        0.000E+00  0.000E+00     0.000E+00  0.000E+00     0.000E+00  0.000E+00     0.000E+00  0.000E+00 
bc_c4         0.000E+00  0.000E+00     0.000E+00  0.000E+00     0.000E+00  0.000E+00     0.000E+00  0.000E+00 
num_c4        0.000E+00  0.000E+00     0.000E+00  0.000E+00     0.000E+00  0.000E+00     0.000E+00  0.000E+00 

gaex        2       4
H2O2          0.000E+00  0.000E+00     0.000E+00  0.000E+00     0.000E+00  0.000E+00     0.000E+00  0.000E+00 
H2SO4         1.853E-11  5.529E-16*    1.483E-11  7.168E-12*    1.112E-11  7.871E-16*    7.414E-12  6.487E-16*
SO2           6.000E-09  6.000E-09     4.800E-09  4.800E-09     3.600E-09  3.600E-09     2.400E-09  2.400E-09 
DMS           0.000E+00  0.000E+00     0.000E+00  0.000E+00     0.000E+00  0.000E+00     0.000E+00  0.000E+00 
SOAG          0.000E+00  0.000E+00     0.000E+00  0.000E+00     0.000E+00  0.000E+00     0.000E+00  0.000E+00 
so4_a1        6.690E-12  1.003E-11*    3.646E-12  5.980E-12*    1.410E-12  2.339E-12*    2.875E-13  4.979E-13*
pom_a1        1.359E-10  2.174E-10*    1.019E-10  1.631E-10*    6.794E-11  1.031E-10*    1.767E-11  2.807E-11*
soa_a1        0.000E+00  0.000E+00     0.000E+00  0.000E+00     0.000E+00  0.000E+00     0.000E+00  0.000E+00 
bc_a1         1.510E-11  2.416E-11*    1.132E-11  1.812E-11*    7.549E-12  1.145E-11*    1.963E-12  3.119E-12*
ncl_a1        0.000E+00  0.000E+00     0.000E+00  0.000E+00     0.000E+00  0.000E+00     0.000E+00  0.000E+00 
dst_a1        0.000E+00  0.000E+00     0.000E+00  0.000E+00     0.000E+00  0.000E+00     0.000E+00  0.000E+00 
num_a1        5.744E+09  9.187E+09*    4.309E+09  6.893E+09*    2.874E+09  4.359E+09*    7.474E+08  1.187E+09*
so4_a2        1.724E-11  3.244E-11*    1.192E-11  1.725E-11*    1.295E-11  2.314E-11*    9.283E-12  1.649E-11*
soa_a2        0.000E+00  0.000E+00     0.000E+00  0.000E+00     0.000E+00  0.000E+00     0.000E+00  0.000E+00 
ncl_a2        0.000E+00  0.000E+00     0.000E+00  0.000E+00     0.000E+00  0.000E+00     0.000E+00  0.000E+00 
num_a2        7.649E+11  9.858E+11*    5.593E+11  5.652E+11*    6.164E+11  9.877E+11*    4.684E+11  7.958E+11*
dst_a3        0.000E+00  0.000E+00     0.000E+00  0.000E+00     0.000E+00  0.000E+00     0.000E+00  0.000E+00 
ncl_a3        0.000E+00  0.000E+00     0.000E+00  0.000E+00     0.000E+00  0.000E+00     0.000E+00  0.000E+00 
so4_a3        0.000E+00  0.000E+00     0.000E+00  0.000E+00     0.000E+00  0.000E+00     0.000E+00  0.000E+00 
num_a3        0.000E+00  0.000E+00     0.000E+00  0.000E+00     0.000E+00  0.000E+00     0.000E+00  0.000E+00 
pom_a4        2.038E-10  1.223E-10*    1.529E-10  9.172E-11*    1.019E-10  6.678E-11*    6.726E-11  5.686E-11*
bc_a4         2.265E-11  1.359E-11*    1.699E-11  1.019E-11*    1.132E-11  7.420E-12*    7.473E-12  6.318E-12*
num_a4        8.626E+09  5.176E+09*    6.469E+09  3.882E+09*    4.313E+09  2.826E+09*    2.846E+09  2.406E+09*
so4_c1        3.957E-09  3.957E-09     3.166E-09  3.166E-09     2.374E-09  2.374E-09     1.583E-09  1.583E-09 
pom_c1        0.000E+00  0.000E+00     0.000E+00  0.000E+00     0.000E+00  0.000E+00     0.000E+00  0.000E+00 
soa_c1        0.000E+00  0.000E+00     0.000E+00  0.000E+00     0.000E+00  0.000E+00     0.000E+00  0.000E+00 
bc_c1         0.000E+00  0.000E+00     0.000E+00  0.000E+00     0.000E+00  0.000E+00     0.000E+00  0.000E+00 
ncl_c1        0.000E+00  0.000E+00     0.000E+00  0.000E+00     0.000E+00  0.000E+00     0.000E+00  0.000E+00 
dst_c1        0.000E+00  0.000E+00     0.000E+00  0.000E+00     0.000E+00  0.000E+00     0.000E+00  0.000E+00 
num_c1        5.261E+05  5.261E+05     4.209E+05  4.209E+05     3.157E+05  3.157E+05     2.104E+05  2.104E+05 
so4_c2        0.000E+00  0.000E+00     0.000E+00  0.000E+00     0.000E+00  0.000E+00     0.000E+00  0.000E+00 
soa_c2        0.000E+00  0.000E+00     0.000E+00  0.000E+00     0.000E+00  0.000E+00     0.000E+00  0.000E+00 
ncl_c2        0.000E+00  0.000E+00     0.000E+00  0.000E+00     0.000E+00  0.000E+00     0.000E+00  0.000E+00 
num_c2        0.000E+00  0.000E+00     0.000E+00  0.000E+00     0.000E+00  0.000E+00     0.000E+00  0.000E+00 
dst_c3        0.000E+00  0.000E+00     0.000E+00  0.000E+00     0.000E+00  0.000E+00     0.000E+00  0.000E+00 
ncl_c3        0.000E+00  0.000E+00     0.000E+00  0.000E+00     0.000E+00  0.000E+00     0.000E+00  0.000E+00 
so4_c3        0.000E+00  0.000E+00     0.000E+00  0.000E+00     0.000E+00  0.000E+00     0.000E+00  0.000E+00 
num_c3        0.000E+00  0.000E+00     0.000E+00  0.000E+00     0.000E+00  0.000E+00     0.000E+00  0.000E+00 
pom_c4        0.000E+00  0.000E+00     0.000E+00  0.000E+00     0.000E+00  0.000E+00     0.000E+00  0.000E+00 
bc_c4         0.000E+00  0.000E+00     0.000E+00  0.000E+00     0.000E+00  0.000E+00     0.000E+00  0.000E+00 
num_c4        0.000E+00  0.000E+00     0.000E+00  0.000E+00     0.000E+00  0.000E+00     0.000E+00  0.000E+00 
mdo_gasch, cldch, gaex, rename, newnuc, coag    1    1    1    1    1    1
mopt_h2so4_uptake, gaexch_h2so4_uptake_flagaa, newnuc_h2so4_conc_flagaa, mosaic    1    2    2    F
mopt_aero_comp, aero_load, ait_size   11   72    2
deltat, xopt_cloudf   1800.000000      0.600000

gasch       3       4
H2O2          0.000E+00  0.000E+00     0.000E+00  0.000E+00     0.000E+00  0.000E+00     0.000E+00  0.000E+00 
H2SO4         5.529E-16  3.589E-11*    7.168E-12  2.871E-11*    7.871E-16  2.154E-11*    6.487E-16  1.436E-11*
SO2           6.000E-09  5.964E-09*    4.800E-09  4.771E-09*    3.600E-09  3.579E-09*    2.400E-09  2.386E-09*
DMS           0.000E+00  0.000E+00     0.000E+00  0.000E+00     0.000E+00  0.000E+00     0.000E+00  0.000E+00 
SOAG          0.000E+00  0.000E+00     0.000E+00  0.000E+00     0.000E+00  0.000E+00     0.000E+00  0.000E+00 
so4_a1        1.003E-11  1.003E-11     5.980E-12  5.980E-12     2.339E-12  2.339E-12     4.979E-13  4.979E-13 
pom_a1        2.174E-10  2.174E-10     1.631E-10  1.631E-10     1.031E-10  1.031E-10     2.807E-11  2.807E-11 
soa_a1        0.000E+00  0.000E+00     0.000E+00  0.000E+00     0.000E+00  0.000E+00     0.000E+00  0.000E+00 
bc_a1         2.416E-11  2.416E-11     1.812E-11  1.812E-11     1.145E-11  1.145E-11     3.119E-12  3.119E-12 
ncl_a1        0.000E+00  0.000E+00     0.000E+00  0.000E+00     0.000E+00  0.000E+00     0.000E+00  0.000E+00 
dst_a1        0.000E+00  0.000E+00     0.000E+00  0.000E+00     0.000E+00  0.000E+00     0.000E+00  0.000E+00 
num_a1        9.187E+09  9.187E+09     6.893E+09  6.893E+09     4.359E+09  4.359E+09     1.187E+09  1.187E+09 
so4_a2        3.244E-11  3.244E-11     1.725E-11  1.725E-11     2.314E-11  2.314E-11     1.649E-11  1.649E-11 
soa_a2        0.000E+00  0.000E+00     0.000E+00  0.000E+00     0.000E+00  0.000E+00     0.000E+00  0.000E+00 
ncl_a2        0.000E+00  0.000E+00     0.000E+00  0.000E+00     0.000E+00  0.000E+00     0.000E+00  0.000E+00 
num_a2        9.858E+11  9.858E+11     5.652E+11  5.652E+11     9.877E+11  9.877E+11     7.958E+11  7.958E+11 
dst_a3        0.000E+00  0.000E+00     0.000E+00  0.000E+00     0.000E+00  0.000E+00     0.000E+00  0.000E+00 
ncl_a3        0.000E+00  0.000E+00     0.000E+00  0.000E+00     0.000E+00  0.000E+00     0.000E+00  0.000E+00 
so4_a3        0.000E+00  0.000E+00     0.000E+00  0.000E+00     0.000E+00  0.000E+00     0.000E+00  0.000E+00 
num_a3        0.000E+00  0.000E+00     0.000E+00  0.000E+00     0.000E+00  0.000E+00     0.000E+00  0.000E+00 
pom_a4        1.223E-10  1.223E-10     9.172E-11  9.172E-11     6.678E-11  6.678E-11     5.686E-11  5.686E-11 
bc_a4         1.359E-11  1.359E-11     1.019E-11  1.019E-11     7.420E-12  7.420E-12     6.318E-12  6.318E-12 
num_a4        5.176E+09  5.176E+09     3.882E+09  3.882E+09     2.826E+09  2.826E+09     2.406E+09  2.406E+09 
so4_c1        3.957E-09  3.957E-09     3.166E-09  3.166E-09     2.374E-09  2.374E-09     1.583E-09  1.583E-09 
pom_c1        0.000E+00  0.000E+00     0.000E+00  0.000E+00     0.000E+00  0.000E+00     0.000E+00  0.000E+00 
soa_c1        0.000E+00  0.000E+00     0.000E+00  0.000E+00     0.000E+00  0.000E+00     0.000E+00  0.000E+00 
bc_c1         0.000E+00  0.000E+00     0.000E+00  0.000E+00     0.000E+00  0.000E+00     0.000E+00  0.000E+00 
ncl_c1        0.000E+00  0.000E+00     0.000E+00  0.000E+00     0.000E+00  0.000E+00     0.000E+00  0.000E+00 
dst_c1        0.000E+00  0.000E+00     0.000E+00  0.000E+00     0.000E+00  0.000E+00     0.000E+00  0.000E+00 
num_c1        1.449E+06  1.449E+06     1.159E+06  1.159E+06     8.692E+05  8.692E+05     5.795E+05  5.795E+05 
so4_c2        0.000E+00  0.000E+00     0.000E+00  0.000E+00     0.000E+00  0.000E+00     0.000E+00  0.000E+00 
soa_c2        0.000E+00  0.000E+00     0.000E+00  0.000E+00     0.000E+00  0.000E+00     0.000E+00  0.000E+00 
ncl_c2        0.000E+00  0.000E+00     0.000E+00  0.000E+00     0.000E+00  0.000E+00     0.000E+00  0.000E+00 
num_c2        0.000E+00  0.000E+00     0.000E+00  0.000E+00     0.000E+00  0.000E+00     0.000E+00  0.000E+00 
dst_c3        0.000E+00  0.000E+00     0.000E+00  0.000E+00     0.000E+00  0.000E+00     0.000E+00  0.000E+00 
ncl_c3        0.000E+00  0.000E+00     0.000E+00  0.000E+00     0.000E+00  0.000E+00     0.000E+00  0.000E+00 
so4_c3        0.000E+00  0.000E+00     0.000E+00  0.000E+00     0.000E+00  0.000E+00     0.000E+00  0.000E+00 
num_c3        0.000E+00  0.000E+00     0.000E+00  0.000E+00     0.000E+00  0.000E+00     0.000E+00  0.000E+00 
pom_c4        0.000E+00  0.000E+00     0.000E+00  0.000E+00     0.000E+00  0.000E+00     0.000E+00  0.000E+00 
bc_c4         0.000E+00  0.000E+00     0.000E+00  0.000E+00     0.000E+00  0.000E+00     0.000E+00  0.000E+00 
num_c4        0.000E+00  0.000E+00     0.000E+00  0.000E+00     0.000E+00  0.000E+00     0.000E+00  0.000E+00 

cldch       3       4
H2O2          0.000E+00  0.000E+00     0.000E+00  0.000E+00     0.000E+00  0.000E+00     0.000E+00  0.000E+00 
H2SO4         3.589E-11  1.436E-11*    2.871E-11  1.149E-11*    2.154E-11  8.614E-12*    1.436E-11  5.743E-12*
SO2           5.964E-09  4.648E-09*    4.771E-09  3.718E-09*    3.579E-09  2.789E-09*    2.386E-09  1.859E-09*
DMS           0.000E+00  0.000E+00     0.000E+00  0.000E+00     0.000E+00  0.000E+00     0.000E+00  0.000E+00 
SOAG          0.000E+00  0.000E+00     0.000E+00  0.000E+00     0.000E+00  0.000E+00     0.000E+00  0.000E+00 
so4_a1        1.003E-11  1.003E-11     5.980E-12  5.980E-12     2.339E-12  2.339E-12     4.979E-13  4.979E-13 
pom_a1        2.174E-10  2.174E-10     1.631E-10  1.631E-10     1.031E-10  1.031E-10     2.807E-11  2.807E-11 
soa_a1        0.000E+00  0.000E+00     0.000E+00  0.000E+00     0.000E+00  0.000E+00     0.000E+00  0.000E+00 
bc_a1         2.416E-11  2.416E-11     1.812E-11  1.812E-11     1.145E-11  1.145E-11     3.119E-12  3.119E-12 
ncl_a1        0.000E+00  0.000E+00     0.000E+00  0.000E+00     0.000E+00  0.000E+00     0.000E+00  0.000E+00 
dst_a1        0.000E+00  0.000E+00     0.000E+00  0.000E+00     0.000E+00  0.000E+00     0.000E+00  0.000E+00 
num_a1        9.187E+09  9.187E+09     6.893E+09  6.893E+09     4.359E+09  4.359E+09     1.187E+09  1.187E+09 
so4_a2        3.244E-11  3.244E-11     1.725E-11  1.725E-11     2.314E-11  2.314E-11     1.649E-11  1.649E-11 
soa_a2        0.000E+00  0.000E+00     0.000E+00  0.000E+00     0.000E+00  0.000E+00     0.000E+00  0.000E+00 
ncl_a2        0.000E+00  0.000E+00     0.000E+00  0.000E+00     0.000E+00  0.000E+00     0.000E+00  0.000E+00 
num_a2        9.858E+11  9.858E+11     5.652E+11  5.652E+11     9.877E+11  9.877E+11     7.958E+11  7.958E+11 
dst_a3        0.000E+00  0.000E+00     0.000E+00  0.000E+00     0.000E+00  0.000E+00     0.000E+00  0.000E+00 
ncl_a3        0.000E+00  0.000E+00     0.000E+00  0.000E+00     0.000E+00  0.000E+00     0.000E+00  0.000E+00 
so4_a3        0.000E+00  0.000E+00     0.000E+00  0.000E+00     0.000E+00  0.000E+00     0.000E+00  0.000E+00 
num_a3        0.000E+00  0.000E+00     0.000E+00  0.000E+00     0.000E+00  0.000E+00     0.000E+00  0.000E+00 
pom_a4        1.223E-10  1.223E-10     9.172E-11  9.172E-11     6.678E-11  6.678E-11     5.686E-11  5.686E-11 
bc_a4         1.359E-11  1.359E-11     1.019E-11  1.019E-11     7.420E-12  7.420E-12     6.318E-12  6.318E-12 
num_a4        5.176E+09  5.176E+09     3.882E+09  3.882E+09     2.826E+09  2.826E+09     2.406E+09  2.406E+09 
so4_c1        3.957E-09  5.295E-09*    3.166E-09  4.236E-09*    2.374E-09  3.177E-09*    1.583E-09  2.118E-09*
pom_c1        0.000E+00  0.000E+00     0.000E+00  0.000E+00     0.000E+00  0.000E+00     0.000E+00  0.000E+00 
soa_c1        0.000E+00  0.000E+00     0.000E+00  0.000E+00     0.000E+00  0.000E+00     0.000E+00  0.000E+00 
bc_c1         0.000E+00  0.000E+00     0.000E+00  0.000E+00     0.000E+00  0.000E+00     0.000E+00  0.000E+00 
ncl_c1        0.000E+00  0.000E+00     0.000E+00  0.000E+00     0.000E+00  0.000E+00     0.000E+00  0.000E+00 
dst_c1        0.000E+00  0.000E+00     0.000E+00  0.000E+00     0.000E+00  0.000E+00     0.000E+00  0.000E+00 
num_c1        1.449E+06  1.449E+06     1.159E+06  1.159E+06     8.692E+05  8.692E+05     5.795E+05  5.795E+05 
so4_c2        0.000E+00  0.000E+00     0.000E+00  0.000E+00     0.000E+00  0.000E+00     0.000E+00  0.000E+00 
soa_c2        0.000E+00  0.000E+00     0.000E+00  0.000E+00     0.000E+00  0.000E+00     0.000E+00  0.000E+00 
ncl_c2        0.000E+00  0.000E+00     0.000E+00  0.000E+00     0.000E+00  0.000E+00     0.000E+00  0.000E+00 
num_c2        0.000E+00  0.000E+00     0.000E+00  0.000E+00     0.000E+00  0.000E+00     0.000E+00  0.000E+00 
dst_c3        0.000E+00  0.000E+00     0.000E+00  0.000E+00     0.000E+00  0.000E+00     0.000E+00  0.000E+00 
ncl_c3        0.000E+00  0.000E+00     0.000E+00  0.000E+00     0.000E+00  0.000E+00     0.000E+00  0.000E+00 
so4_c3        0.000E+00  0.000E+00     0.000E+00  0.000E+00     0.000E+00  0.000E+00     0.000E+00  0.000E+00 
num_c3        0.000E+00  0.000E+00     0.000E+00  0.000E+00     0.000E+00  0.000E+00     0.000E+00  0.000E+00 
pom_c4        0.000E+00  0.000E+00     0.000E+00  0.000E+00     0.000E+00  0.000E+00     0.000E+00  0.000E+00 
bc_c4         0.000E+00  0.000E+00     0.000E+00  0.000E+00     0.000E+00  0.000E+00     0.000E+00  0.000E+00 
num_c4        0.000E+00  0.000E+00     0.000E+00  0.000E+00     0.000E+00  0.000E+00     0.000E+00  0.000E+00 

gaex        3       4
H2O2          0.000E+00  0.000E+00     0.000E+00  0.000E+00     0.000E+00  0.000E+00     0.000E+00  0.000E+00 
H2SO4         1.436E-11  2.859E-16*    1.149E-11  4.591E-12*    8.614E-12  5.183E-16*    5.743E-12  4.661E-16*
SO2           4.648E-09  4.648E-09     3.718E-09  3.718E-09     2.789E-09  2.789E-09     1.859E-09  1.859E-09 
DMS           0.000E+00  0.000E+00     0.000E+00  0.000E+00     0.000E+00  0.000E+00     0.000E+00  0.000E+00 
SOAG          0.000E+00  0.000E+00     0.000E+00  0.000E+00     0.000E+00  0.000E+00     0.000E+00  0.000E+00 
so4_a1        1.003E-11  1.209E-11*    5.980E-12  7.825E-12*    2.339E-12  2.990E-12*    4.979E-13  6.545E-13*
pom_a1        2.174E-10  2.545E-10*    1.631E-10  1.998E-10*    1.031E-10  1.194E-10*    2.807E-11  3.467E-11*
soa_a1        0.000E+00  0.000E+00     0.000E+00  0.000E+00     0.000E+00  0.000E+00     0.000E+00  0.000E+00 
bc_a1         2.416E-11  2.827E-11*    1.812E-11  2.220E-11*    1.145E-11  1.326E-11*    3.119E-12  3.852E-12*
ncl_a1        0.000E+00  0.000E+00     0.000E+00  0.000E+00     0.000E+00  0.000E+00     0.000E+00  0.000E+00 
dst_a1        0.000E+00  0.000E+00     0.000E+00  0.000E+00     0.000E+00  0.000E+00     0.000E+00  0.000E+00 
num_a1        9.187E+09  1.075E+10*    6.893E+09  8.441E+09*    4.359E+09  5.046E+09*    1.187E+09  1.466E+09*
so4_a2        3.244E-11  4.473E-11*    1.725E-11  2.230E-11*    2.314E-11  3.110E-11*    1.649E-11  2.207E-11*
soa_a2        0.000E+00  0.000E+00     0.000E+00  0.000E+00     0.000E+00  0.000E+00     0.000E+00  0.000E+00 
ncl_a2        0.000E+00  0.000E+00     0.000E+00  0.000E+00     0.000E+00  0.000E+00     0.000E+00  0.000E+00 
num_a2        9.858E+11  1.075E+12*    5.652E+11  5.572E+11*    9.877E+11  1.215E+12*    7.958E+11  1.024E+12*
dst_a3        0.000E+00  0.000E+00     0.000E+00  0.000E+00     0.000E+00  0.000E+00     0.000E+00  0.000E+00 
ncl_a3        0.000E+00  0.000E+00     0.000E+00  0.000E+00     0.000E+00  0.000E+00     0.000E+00  0.000E+00 
so4_a3        0.000E+00  0.000E+00     0.000E+00  0.000E+00     0.000E+00  0.000E+00     0.000E+00  0.000E+00 
num_a3        0.000E+00  0.000E+00     0.000E+00  0.000E+00     0.000E+00  0.000E+00     0.000E+00  0.000E+00 
pom_a4        1.223E-10  8.527E-11*    9.172E-11  5.503E-11*    6.678E-11  5.050E-11*    5.686E-11  5.026E-11*
bc_a4         1.359E-11  9.474E-12*    1.019E-11  6.115E-12*    7.420E-12  5.611E-12*    6.318E-12  5.585E-12*
num_a4        5.176E+09  3.608E+09*    3.882E+09  2.329E+09*    2.826E+09  2.137E+09*    2.406E+09  2.127E+09*
so4_c1        5.295E-09  5.295E-09     4.236E-09  4.236E-09     3.177E-09  3.177E-09     2.118E-09  2.118E-09 
pom_c1        0.000E+00  0.000E+00     0.000E+00  0.000E+00     0.000E+00  0.000E+00     0.000E+00  0.000E+00 
soa_c1        0.000E+00  0.000E+00     0.000E+00  0.000E+00     0.000E+00  0.000E+00     0.000E+00  0.000E+00 
bc_c1         0.000E+00  0.000E+00     0.000E+00  0.000E+00     0.000E+00  0.000E+00     0.000E+00  0.000E+00 
ncl_c1        0.000E+00  0.000E+00     0.000E+00  0.000E+00     0.000E+00  0.000E+00     0.000E+00  0.000E+00 
dst_c1        0.000E+00  0.000E+00     0.000E+00  0.000E+00     0.000E+00  0.000E+00     0.000E+00  0.000E+00 
num_c1        1.449E+06  1.449E+06     1.159E+06  1.159E+06     8.692E+05  8.692E+05     5.795E+05  5.795E+05 
so4_c2        0.000E+00  0.000E+00     0.000E+00  0.000E+00     0.000E+00  0.000E+00     0.000E+00  0.000E+00 
soa_c2        0.000E+00  0.000E+00     0.000E+00  0.000E+00     0.000E+00  0.000E+00     0.000E+00  0.000E+00 
ncl_c2        0.000E+00  0.000E+00     0.000E+00  0.000E+00     0.000E+00  0.000E+00     0.000E+00  0.000E+00 
num_c2        0.000E+00  0.000E+00     0.000E+00  0.000E+00     0.000E+00  0.000E+00     0.000E+00  0.000E+00 
dst_c3        0.000E+00  0.000E+00     0.000E+00  0.000E+00     0.000E+00  0.000E+00     0.000E+00  0.000E+00 
ncl_c3        0.000E+00  0.000E+00     0.000E+00  0.000E+00     0.000E+00  0.000E+00     0.000E+00  0.000E+00 
so4_c3        0.000E+00  0.000E+00     0.000E+00  0.000E+00     0.000E+00  0.000E+00     0.000E+00  0.000E+00 
num_c3        0.000E+00  0.000E+00     0.000E+00  0.000E+00     0.000E+00  0.000E+00     0.000E+00  0.000E+00 
pom_c4        0.000E+00  0.000E+00     0.000E+00  0.000E+00     0.000E+00  0.000E+00     0.000E+00  0.000E+00 
bc_c4         0.000E+00  0.000E+00     0.000E+00  0.000E+00     0.000E+00  0.000E+00     0.000E+00  0.000E+00 
num_c4        0.000E+00  0.000E+00     0.000E+00  0.000E+00     0.000E+00  0.000E+00     0.000E+00  0.000E+00 
