
k, zm, pmid, tc, pblh, cld, relhum, qv, so2, accum num & so4, aitken num & so4 icol=1

   1  7.50E+00  3.00E+02 -3.39E+01  1.10E+00  6.00E-01  8.00E-01  4.17E-01  8.85E+00  0.00E+00  0.00E+00  0.00E+00  0.00E+00

   2  4.50E+00  5.50E+02 -1.44E+01  1.10E+00  6.00E-01  8.40E-01  1.73E+00  1.33E+01  0.00E+00  0.00E+00  0.00E+00  0.00E+00

   3  2.00E+00  8.00E+02  1.84E+00  1.10E+00  6.00E-01  8.80E-01  4.79E+00  1.77E+01  0.00E+00  0.00E+00  0.00E+00  0.00E+00

   4  5.00E-01  9.50E+02  1.16E+01  1.10E+00  6.00E-01  9.60E-01  8.63E+00  2.21E+01  0.00E+00  0.00E+00  0.00E+00  0.00E+00

cambox_do_run doing calcsize, istep=       1
calcsize tend = 0 for all species
k, accum num, so4, dgncur_a, same for aitken  (#/mg,  ug/kg,  nm)
   1    0.0000E+00  0.0000E+00  1.1000E+02    0.0000E+00  0.0000E+00  2.6000E+01
   2    0.0000E+00  0.0000E+00  1.1000E+02    0.0000E+00  0.0000E+00  2.6000E+01
   3    0.0000E+00  0.0000E+00  1.1000E+02    0.0000E+00  0.0000E+00  2.6000E+01
   4    0.0000E+00  0.0000E+00  1.1000E+02    0.0000E+00  0.0000E+00  2.6000E+01

cambox_do_run doing wateruptake, istep=       1
watruptk tend = 0 for all species
k, accum num, so4, watr, dgncur_a, dgncur_awet, wetdens  (#/mg,  ug/kg,  nm)
   1    0.0000E+00  0.0000E+00  0.0000E+00    1.1000E+02  1.1000E+02  1.0000E-03
   2    0.0000E+00  0.0000E+00  0.0000E+00    1.1000E+02  1.1240E+02  6.3671E-02
   3    0.0000E+00  0.0000E+00  0.0000E+00    1.1000E+02  1.4044E+02  5.1992E-01
   4    0.0000E+00  0.0000E+00  0.0000E+00    1.1000E+02  1.9472E+02  8.1990E-01
k, aitken num, so4, watr, dgncur_a, dgncur_awet, wetdens  (#/mg,  ug/kg,  nm)
   1    0.0000E+00  0.0000E+00  0.0000E+00    2.6000E+01  2.6000E+01  1.0000E-03
   2    0.0000E+00  0.0000E+00  0.0000E+00    2.6000E+01  2.6541E+01  6.0818E-02
   3    0.0000E+00  0.0000E+00  0.0000E+00    2.6000E+01  3.2602E+01  4.9330E-01
   4    0.0000E+00  0.0000E+00  0.0000E+00    2.6000E+01  4.2954E+01  7.7845E-01

cambox_do_run doing gaschem simple, istep=       1
k, old & new so2, old & new h2so4  (ppbv)
   1    4.0000E+00  3.9761E+00    0.0000E+00  2.3928E-02
   2    6.0000E+00  5.9641E+00    0.0000E+00  3.5892E-02
   3    8.0000E+00  7.9521E+00    0.0000E+00  4.7856E-02
   4    1.0000E+01  9.9402E+00    0.0000E+00  5.9820E-02

cambox_do_run doing cloudchem simple, istep=       1
k, old & new so2, ... h2so4, ... so4_c1, ... so4_c2  (ppbv)
   1    3.9761E+00  3.0984E+00    2.3928E-02  9.5713E-03    0.0000E+00  8.9199E-01    0.0000E+00  0.0000E+00
   2    5.9641E+00  4.6477E+00    3.5892E-02  1.4357E-02    0.0000E+00  1.3380E+00    0.0000E+00  0.0000E+00
   3    7.9521E+00  6.1969E+00    4.7856E-02  1.9143E-02    0.0000E+00  1.7840E+00    0.0000E+00  0.0000E+00
   4    9.9402E+00  7.7461E+00    5.9820E-02  2.3928E-02    0.0000E+00  2.2300E+00    0.0000E+00  0.0000E+00

cambox_do_run doing gasaerexch, istep=       1
k, old & new h2so4, old & new so4_a1, old & new so4_a2  (ppbv)
   1    9.5713E-03  9.2868E-07    0.0000E+00  2.8752E-04    0.0000E+00  9.2828E-03
   2    1.4357E-02  1.2958E-06    0.0000E+00  1.4104E-03    0.0000E+00  1.2945E-02
   3    1.9143E-02  3.5736E-03    0.0000E+00  3.6463E-03    0.0000E+00  1.1923E-02
   4    2.3928E-02  1.7276E-06    0.0000E+00  6.6902E-03    0.0000E+00  1.7236E-02

cambox_do_run step done, istep=       1

i, k, told, tnew (h)    9    1     0.000     0.500
spec              qold       qnew         del-gas   del-cloud del-rena    del-cond  del-nuc   del-coag
H2SO4             0.000E+00  9.287E-07    2.39E-02 -1.44E-02  0.00E+00   -2.84E-04 -9.29E-03  0.00E+00
SO2               4.000E+00  3.098E+00   -2.39E-02 -8.78E-01  0.00E+00    0.00E+00  0.00E+00  0.00E+00
SOAG              4.000E-02  3.925E-02    0.00E+00  0.00E+00  0.00E+00   -7.49E-04  0.00E+00  0.00E+00
so4_a1            0.000E+00  2.875E-04    0.00E+00  0.00E+00  0.00E+00    2.84E-04  0.00E+00  3.08E-06
pom_a1            0.000E+00  2.002E-02    0.00E+00  0.00E+00  0.00E+00    1.98E-02  0.00E+00  1.89E-04
soa_a1            0.000E+00  7.498E-04    0.00E+00  0.00E+00  0.00E+00    7.50E-04  0.00E+00  0.00E+00
bc_a1             0.000E+00  2.224E-03    0.00E+00  0.00E+00  0.00E+00    2.20E-03  0.00E+00  2.10E-05
num_a1            0.000E+00  2.946E+01    0.00E+00  0.00E+00  0.00E+00    2.92E+01  0.00E+00  2.79E-01
so4_a2            0.000E+00  9.283E-03    0.00E+00  0.00E+00  0.00E+00    0.00E+00  9.29E-03 -3.08E-06
num_a2            0.000E+00  1.629E+04    0.00E+00  0.00E+00  0.00E+00    0.00E+00  1.72E+04 -8.97E+02
pom_a4            8.493E-02  6.491E-02    0.00E+00  0.00E+00  0.00E+00   -1.98E-02  0.00E+00 -1.89E-04
bc_a4             9.437E-03  7.212E-03    0.00E+00  0.00E+00  0.00E+00   -2.20E-03  0.00E+00 -2.10E-05
num_a4            1.250E+02  9.553E+01    0.00E+00  0.00E+00  0.00E+00   -2.92E+01  0.00E+00 -2.87E-01
so4_c1            0.000E+00  8.920E-01    0.00E+00  8.92E-01  0.00E+00    0.00E+00  0.00E+00  0.00E+00
sox_tot           4.000E+00  4.000E+00    0.00E+00
nhx_tot           0.000E+00  0.000E+00    0.00E+00
soa1_tot          4.000E-02  4.000E-02    6.87E-07

i, k, told, tnew (h)    9    2     0.000     0.500
spec              qold       qnew         del-gas   del-cloud del-rena    del-cond  del-nuc   del-coag
H2SO4             0.000E+00  1.296E-06    3.59E-02 -2.15E-02  0.00E+00   -1.40E-03 -1.30E-02  0.00E+00
SO2               6.000E+00  4.648E+00   -3.59E-02 -1.32E+00  0.00E+00    0.00E+00  0.00E+00  0.00E+00
SOAG              6.000E-02  5.636E-02    0.00E+00  0.00E+00  0.00E+00   -3.64E-03  0.00E+00  0.00E+00
so4_a1            0.000E+00  1.410E-03    0.00E+00  0.00E+00  0.00E+00    1.40E-03  0.00E+00  1.17E-05
pom_a1            0.000E+00  6.794E-02    0.00E+00  0.00E+00  0.00E+00    6.74E-02  0.00E+00  4.99E-04
soa_a1            0.000E+00  3.648E-03    0.00E+00  0.00E+00  0.00E+00    3.65E-03  0.00E+00  0.00E+00
bc_a1             0.000E+00  7.549E-03    0.00E+00  0.00E+00  0.00E+00    7.49E-03  0.00E+00  5.54E-05
num_a1            0.000E+00  9.996E+01    0.00E+00  0.00E+00  0.00E+00    9.92E+01  0.00E+00  7.34E-01
so4_a2            0.000E+00  1.295E-02    0.00E+00  0.00E+00  0.00E+00    0.00E+00  1.30E-02 -1.17E-05
num_a2            0.000E+00  2.144E+04    0.00E+00  0.00E+00  0.00E+00    0.00E+00  2.40E+04 -2.54E+03
pom_a4            1.699E-01  1.019E-01    0.00E+00  0.00E+00  0.00E+00   -6.74E-02  0.00E+00 -4.99E-04
bc_a4             1.887E-02  1.132E-02    0.00E+00  0.00E+00  0.00E+00   -7.49E-03  0.00E+00 -5.54E-05
num_a4            2.500E+02  1.500E+02    0.00E+00  0.00E+00  0.00E+00   -9.92E+01  0.00E+00 -7.77E-01
so4_c1            0.000E+00  1.338E+00    0.00E+00  1.34E+00  0.00E+00    0.00E+00  0.00E+00  0.00E+00
sox_tot           6.000E+00  6.000E+00    8.27E-16
nhx_tot           0.000E+00  0.000E+00    0.00E+00
soa1_tot          6.000E-02  6.000E-02    3.34E-06

i, k, told, tnew (h)    9    3     0.000     0.500
spec              qold       qnew         del-gas   del-cloud del-rena    del-cond  del-nuc   del-coag
H2SO4             0.000E+00  3.574E-03    4.79E-02 -2.87E-02  0.00E+00   -3.63E-03 -1.19E-02  0.00E+00
SO2               8.000E+00  6.197E+00   -4.79E-02 -1.76E+00  0.00E+00    0.00E+00  0.00E+00  0.00E+00
SOAG              8.000E-02  7.161E-02    0.00E+00  0.00E+00  0.00E+00   -8.39E-03  0.00E+00  0.00E+00
so4_a1            0.000E+00  3.646E-03    0.00E+00  0.00E+00  0.00E+00    3.63E-03  0.00E+00  1.83E-05
pom_a1            0.000E+00  1.019E-01    0.00E+00  0.00E+00  0.00E+00    1.01E-01  0.00E+00  4.58E-04
soa_a1            0.000E+00  8.399E-03    0.00E+00  0.00E+00  0.00E+00    8.40E-03  0.00E+00  0.00E+00
bc_a1             0.000E+00  1.132E-02    0.00E+00  0.00E+00  0.00E+00    1.13E-02  0.00E+00  5.09E-05
num_a1            0.000E+00  1.499E+02    0.00E+00  0.00E+00  0.00E+00    1.49E+02  0.00E+00  6.74E-01
so4_a2            0.000E+00  1.192E-02    0.00E+00  0.00E+00  0.00E+00    0.00E+00  1.19E-02 -1.83E-05
num_a2            0.000E+00  1.945E+04    0.00E+00  0.00E+00  0.00E+00    0.00E+00  2.21E+04 -2.65E+03
pom_a4            2.548E-01  1.529E-01    0.00E+00  0.00E+00  0.00E+00   -1.01E-01  0.00E+00 -4.58E-04
bc_a4             2.831E-02  1.699E-02    0.00E+00  0.00E+00  0.00E+00   -1.13E-02  0.00E+00 -5.09E-05
num_a4            3.750E+02  2.250E+02    0.00E+00  0.00E+00  0.00E+00   -1.49E+02  0.00E+00 -7.89E-01
so4_c1            0.000E+00  1.784E+00    0.00E+00  1.78E+00  0.00E+00    0.00E+00  0.00E+00  0.00E+00
sox_tot           8.000E+00  8.000E+00    0.00E+00
nhx_tot           0.000E+00  0.000E+00    0.00E+00
soa1_tot          8.000E-02  8.001E-02    7.69E-06

i, k, told, tnew (h)    9    4     0.000     0.500
spec              qold       qnew         del-gas   del-cloud del-rena    del-cond  del-nuc   del-coag
H2SO4             0.000E+00  1.728E-06    5.98E-02 -3.59E-02  0.00E+00   -6.65E-03 -1.73E-02  0.00E+00
SO2               1.000E+01  7.746E+00   -5.98E-02 -2.19E+00  0.00E+00    0.00E+00  0.00E+00  0.00E+00
SOAG              1.000E-01  9.466E-02    0.00E+00  0.00E+00  0.00E+00   -5.34E-03  0.00E+00  0.00E+00
so4_a1            0.000E+00  6.690E-03    0.00E+00  0.00E+00  0.00E+00    6.65E-03  0.00E+00  3.80E-05
pom_a1            0.000E+00  1.359E-01    0.00E+00  0.00E+00  0.00E+00    1.35E-01  0.00E+00  7.42E-04
soa_a1            0.000E+00  5.344E-03    0.00E+00  0.00E+00  0.00E+00    5.34E-03  0.00E+00  0.00E+00
bc_a1             0.000E+00  1.510E-02    0.00E+00  0.00E+00  0.00E+00    1.50E-02  0.00E+00  8.24E-05
num_a1            0.000E+00  1.998E+02    0.00E+00  0.00E+00  0.00E+00    1.99E+02  0.00E+00  1.09E+00
so4_a2            0.000E+00  1.724E-02    0.00E+00  0.00E+00  0.00E+00    0.00E+00  1.73E-02 -3.80E-05
num_a2            0.000E+00  2.660E+04    0.00E+00  0.00E+00  0.00E+00    0.00E+00  3.20E+04 -5.37E+03
pom_a4            3.397E-01  2.038E-01    0.00E+00  0.00E+00  0.00E+00   -1.35E-01  0.00E+00 -7.42E-04
bc_a4             3.775E-02  2.265E-02    0.00E+00  0.00E+00  0.00E+00   -1.50E-02  0.00E+00 -8.24E-05
num_a4            5.000E+02  3.000E+02    0.00E+00  0.00E+00  0.00E+00   -1.99E+02  0.00E+00 -1.31E+00
so4_c1            0.000E+00  2.230E+00    0.00E+00  2.23E+00  0.00E+00    0.00E+00  0.00E+00  0.00E+00
sox_tot           1.000E+01  1.000E+01    0.00E+00
nhx_tot           0.000E+00  0.000E+00    0.00E+00
soa1_tot          1.000E-01  1.000E-01    4.89E-06

cambox_do_run doing calcsize, istep=       2
calcsize tend > 0 for nspecies =      1
k, accum num, so4, dgncur_a, same for aitken  (#/mg,  ug/kg,  nm)
   1    2.9453E+01  1.1426E-03  5.1204E+01    1.6289E+04  3.6889E-02  9.6702E+00
   2    9.9946E+01  5.6046E-03  5.1931E+01    2.1438E+04  5.1443E-02  9.8586E+00
   3    1.4987E+02  1.4490E-02  5.3440E+01    1.9452E+04  4.7379E-02  9.9079E+00
   4    1.9976E+02  2.6586E-02  5.3838E+01    2.6602E+04  6.8495E-02  1.0093E+01

cambox_do_run doing wateruptake, istep=       2
watruptk tend = 0 for all species
k, accum num, so4, watr, dgncur_a, dgncur_awet, wetdens  (#/mg,  ug/kg,  nm)
   1    2.9453E+01  1.1426E-03  0.0000E+00    5.1204E+01  5.1204E+01  1.0895E+00
   2    9.9946E+01  5.6046E-03  2.7238E-04    5.1931E+01  5.2067E+01  1.1066E+00
   3    1.4987E+02  1.4490E-02  1.0356E-02    5.3440E+01  5.6514E+01  1.1229E+00
   4    1.9976E+02  2.6586E-02  6.7488E-02    5.3838E+01  6.6370E+01  1.0977E+00
k, aitken num, so4, watr, dgncur_a, dgncur_awet, wetdens  (#/mg,  ug/kg,  nm)
   1    1.6289E+04  3.6889E-02  0.0000E+00    9.6702E+00  9.6702E+00  1.7700E+00
   2    2.1438E+04  5.1443E-02  1.6826E-03    9.8586E+00  1.0045E+01  1.7279E+00
   3    1.9452E+04  4.7379E-02  2.1407E-02    9.9079E+00  1.2052E+01  1.4278E+00
   4    2.6602E+04  6.8495E-02  8.9437E-02    1.0093E+01  1.5043E+01  1.2325E+00

cambox_do_run doing gaschem simple, istep=       2
k, old & new so2, old & new h2so4  (ppbv)
   1    3.0984E+00  3.0799E+00    9.2868E-07  1.8535E-02
   2    4.6477E+00  4.6199E+00    1.2958E-06  2.7802E-02
   3    6.1969E+00  6.1598E+00    3.5736E-03  3.7070E-02
   4    7.7461E+00  7.6998E+00    1.7276E-06  4.6337E-02

cambox_do_run doing cloudchem simple, istep=       2
k, old & new so2, ... h2so4, ... so4_c1, ... so4_c2  (ppbv)
   1    3.0799E+00  2.4001E+00    1.8535E-02  7.4140E-03    8.9199E-01  1.5829E+00    0.0000E+00  0.0000E+00
   2    4.6199E+00  3.6001E+00    2.7802E-02  1.1121E-02    1.3380E+00  2.3744E+00    0.0000E+00  0.0000E+00
   3    6.1598E+00  4.8002E+00    3.7070E-02  1.4828E-02    1.7840E+00  3.1659E+00    0.0000E+00  0.0000E+00
   4    7.6998E+00  6.0002E+00    4.6337E-02  1.8535E-02    2.2300E+00  3.9573E+00    0.0000E+00  0.0000E+00

cambox_do_run doing gasaerexch, istep=       2
k, old & new h2so4, old & new so4_a1, old & new so4_a2  (ppbv)
   1    7.4140E-03  6.4869E-07    2.8752E-04  4.9818E-04    9.2828E-03  1.6486E-02
   2    1.1121E-02  7.8630E-07    1.4104E-03  2.3490E-03    1.2945E-02  2.3127E-02
   3    1.4828E-02  7.1488E-03    3.6463E-03  6.0176E-03    1.1923E-02  1.7230E-02
   4    1.8535E-02  5.5171E-07    6.6902E-03  1.0054E-02    1.7236E-02  3.2407E-02

cambox_do_run step done, istep=       2

i, k, told, tnew (h)    9    1     0.500     1.000
spec              qold       qnew         del-gas   del-cloud del-rena    del-cond  del-nuc   del-coag
H2SO4             9.287E-07  6.487E-07    1.85E-02 -1.11E-02  0.00E+00   -9.27E-04 -6.49E-03  0.00E+00
SO2               3.098E+00  2.400E+00   -1.85E-02 -6.80E-01  0.00E+00    0.00E+00  0.00E+00  0.00E+00
SOAG              3.925E-02  3.620E-02    0.00E+00  0.00E+00  0.00E+00   -3.05E-03  0.00E+00  0.00E+00
so4_a1            2.875E-04  4.982E-04    0.00E+00  0.00E+00  0.00E+00    2.03E-04  0.00E+00  7.94E-06
pom_a1            2.002E-02  3.169E-02    0.00E+00  0.00E+00  0.00E+00    1.13E-02  0.00E+00  3.84E-04
soa_a1            7.498E-04  1.420E-03    0.00E+00  0.00E+00  0.00E+00    6.69E-04  0.00E+00  1.74E-06
bc_a1             2.224E-03  3.521E-03    0.00E+00  0.00E+00  0.00E+00    1.25E-03  0.00E+00  4.26E-05
num_a1            2.945E+01  4.662E+01    0.00E+00  0.00E+00  0.00E+00    1.66E+01  0.00E+00  5.59E-01
so4_a2            9.283E-03  1.649E-02    0.00E+00  0.00E+00  0.00E+00    7.24E-04  6.49E-03 -7.94E-06
soa_a2            0.000E+00  2.387E-03    0.00E+00  0.00E+00  0.00E+00    2.39E-03  0.00E+00 -1.74E-06
num_a2            1.629E+04  2.768E+04    0.00E+00  0.00E+00  0.00E+00    0.00E+00  1.20E+04 -6.18E+02
pom_a4            6.491E-02  5.324E-02    0.00E+00  0.00E+00  0.00E+00   -1.13E-02  0.00E+00 -3.84E-04
bc_a4             7.212E-03  5.916E-03    0.00E+00  0.00E+00  0.00E+00   -1.25E-03  0.00E+00 -4.26E-05
num_a4            9.553E+01  7.836E+01    0.00E+00  0.00E+00  0.00E+00   -1.66E+01  0.00E+00 -5.68E-01
so4_c1            8.920E-01  1.583E+00    0.00E+00  6.91E-01  0.00E+00    0.00E+00  0.00E+00  0.00E+00
num_c1            7.319E-03  7.319E-03    0.00E+00  0.00E+00  0.00E+00    0.00E+00  0.00E+00  0.00E+00
sox_tot           4.000E+00  4.000E+00   -9.29E-07
nhx_tot           0.000E+00  0.000E+00    0.00E+00
soa1_tot          4.000E-02  4.000E-02    2.80E-06

i, k, told, tnew (h)    9    2     0.500     1.000
spec              qold       qnew         del-gas   del-cloud del-rena    del-cond  del-nuc   del-coag
H2SO4             1.296E-06  7.863E-07    2.78E-02 -1.67E-02  0.00E+00   -3.26E-03 -7.86E-03  0.00E+00
SO2               4.648E+00  3.600E+00   -2.78E-02 -1.02E+00  0.00E+00    0.00E+00  0.00E+00  0.00E+00
SOAG              5.636E-02  4.641E-02    0.00E+00  0.00E+00  0.00E+00   -9.94E-03  0.00E+00  0.00E+00
so4_a1            1.410E-03  2.349E-03    0.00E+00  0.00E+00  0.00E+00    9.07E-04  0.00E+00  3.15E-05
pom_a1            6.794E-02  1.084E-01    0.00E+00  0.00E+00  0.00E+00    3.92E-02  0.00E+00  1.22E-03
soa_a1            3.648E-03  6.435E-03    0.00E+00  0.00E+00  0.00E+00    2.77E-03  0.00E+00  1.47E-05
bc_a1             7.549E-03  1.204E-02    0.00E+00  0.00E+00  0.00E+00    4.36E-03  0.00E+00  1.36E-04
num_a1            9.995E+01  1.594E+02    0.00E+00  0.00E+00  0.00E+00    5.77E+01  0.00E+00  1.76E+00
so4_a2            1.295E-02  2.313E-02    0.00E+00  0.00E+00  0.00E+00    2.35E-03  7.86E-03 -3.15E-05
soa_a2            0.000E+00  7.164E-03    0.00E+00  0.00E+00  0.00E+00    7.18E-03  0.00E+00 -1.47E-05
num_a2            2.144E+04  3.434E+04    0.00E+00  0.00E+00  0.00E+00    0.00E+00  1.46E+04 -1.65E+03
pom_a4            1.019E-01  6.150E-02    0.00E+00  0.00E+00  0.00E+00   -3.92E-02  0.00E+00 -1.22E-03
bc_a4             1.132E-02  6.833E-03    0.00E+00  0.00E+00  0.00E+00   -4.36E-03  0.00E+00 -1.36E-04
num_a4            1.500E+02  9.051E+01    0.00E+00  0.00E+00  0.00E+00   -5.77E+01  0.00E+00 -1.80E+00
so4_c1            1.338E+00  2.374E+00    0.00E+00  1.04E+00  0.00E+00    0.00E+00  0.00E+00  0.00E+00
num_c1            1.098E-02  1.098E-02    0.00E+00  0.00E+00  0.00E+00    0.00E+00  0.00E+00  0.00E+00
sox_tot           6.000E+00  6.000E+00   -1.30E-06
nhx_tot           0.000E+00  0.000E+00    0.00E+00
soa1_tot          6.000E-02  6.001E-02    9.11E-06

i, k, told, tnew (h)    9    3     0.500     1.000
spec              qold       qnew         del-gas   del-cloud del-rena    del-cond  del-nuc   del-coag
H2SO4             3.574E-03  7.149E-03    3.35E-02 -2.22E-02  0.00E+00   -7.36E-03 -3.16E-04  0.00E+00
SO2               6.197E+00  4.800E+00   -3.71E-02 -1.36E+00  0.00E+00    0.00E+00  0.00E+00  0.00E+00
SOAG              7.161E-02  5.430E-02    0.00E+00  0.00E+00  0.00E+00   -1.73E-02  0.00E+00  0.00E+00
so4_a1            3.646E-03  6.018E-03    0.00E+00  0.00E+00  0.00E+00    2.34E-03  0.00E+00  3.22E-05
pom_a1            1.019E-01  1.631E-01    0.00E+00  0.00E+00  0.00E+00    6.03E-02  0.00E+00  8.63E-04
soa_a1            8.399E-03  1.411E-02    0.00E+00  0.00E+00  0.00E+00    5.68E-03  0.00E+00  3.71E-05
bc_a1             1.132E-02  1.812E-02    0.00E+00  0.00E+00  0.00E+00    6.70E-03  0.00E+00  9.58E-05
num_a1            1.499E+02  2.397E+02    0.00E+00  0.00E+00  0.00E+00    8.87E+01  0.00E+00  1.17E+00
so4_a2            1.192E-02  1.723E-02    0.00E+00  0.00E+00  0.00E+00    5.02E-03  3.16E-04 -3.22E-05
soa_a2            0.000E+00  1.161E-02    0.00E+00  0.00E+00  0.00E+00    1.17E-02  0.00E+00 -3.71E-05
num_a2            1.945E+04  1.965E+04    0.00E+00  0.00E+00  0.00E+00    0.00E+00  5.85E+02 -3.90E+02
pom_a4            1.529E-01  9.172E-02    0.00E+00  0.00E+00  0.00E+00   -6.03E-02  0.00E+00 -8.63E-04
bc_a4             1.699E-02  1.019E-02    0.00E+00  0.00E+00  0.00E+00   -6.70E-03  0.00E+00 -9.58E-05
num_a4            2.250E+02  1.350E+02    0.00E+00  0.00E+00  0.00E+00   -8.87E+01  0.00E+00 -1.29E+00
so4_c1            1.784E+00  3.166E+00    0.00E+00  1.38E+00  0.00E+00    0.00E+00  0.00E+00  0.00E+00
num_c1            1.464E-02  1.464E-02    0.00E+00  0.00E+00  0.00E+00    0.00E+00  0.00E+00  0.00E+00
sox_tot           8.000E+00  7.996E+00   -3.57E-03
nhx_tot           0.000E+00  0.000E+00    0.00E+00
soa1_tot          8.001E-02  8.002E-02    1.59E-05

i, k, told, tnew (h)    9    4     0.500     1.000
spec              qold       qnew         del-gas   del-cloud del-rena    del-cond  del-nuc   del-coag
H2SO4             1.728E-06  5.517E-07    4.63E-02 -2.78E-02  0.00E+00   -1.30E-02 -5.52E-03  0.00E+00
SO2               7.746E+00  6.000E+00   -4.63E-02 -1.70E+00  0.00E+00    0.00E+00  0.00E+00  0.00E+00
SOAG              9.466E-02  8.371E-02    0.00E+00  0.00E+00  0.00E+00   -1.10E-02  0.00E+00  0.00E+00
so4_a1            6.690E-03  1.005E-02    0.00E+00  0.00E+00  0.00E+00    3.28E-03  0.00E+00  8.51E-05
pom_a1            1.359E-01  2.174E-01    0.00E+00  0.00E+00  0.00E+00    7.92E-02  0.00E+00  2.32E-03
soa_a1            5.344E-03  1.201E-02    0.00E+00  0.00E+00  0.00E+00    6.65E-03  0.00E+00  1.66E-05
bc_a1             1.510E-02  2.416E-02    0.00E+00  0.00E+00  0.00E+00    8.80E-03  0.00E+00  2.57E-04
num_a1            1.998E+02  3.195E+02    0.00E+00  0.00E+00  0.00E+00    1.17E+02  0.00E+00  3.24E+00
so4_a2            1.724E-02  3.241E-02    0.00E+00  0.00E+00  0.00E+00    9.74E-03  5.52E-03 -8.51E-05
soa_a2            0.000E+00  4.299E-03    0.00E+00  0.00E+00  0.00E+00    4.32E-03  0.00E+00 -1.66E-05
num_a2            2.660E+04  3.427E+04    0.00E+00  0.00E+00  0.00E+00    0.00E+00  1.02E+04 -2.55E+03
pom_a4            2.038E-01  1.223E-01    0.00E+00  0.00E+00  0.00E+00   -7.92E-02  0.00E+00 -2.32E-03
bc_a4             2.265E-02  1.359E-02    0.00E+00  0.00E+00  0.00E+00   -8.80E-03  0.00E+00 -2.57E-04
num_a4            3.000E+02  1.800E+02    0.00E+00  0.00E+00  0.00E+00   -1.17E+02  0.00E+00 -3.48E+00
so4_c1            2.230E+00  3.957E+00    0.00E+00  1.73E+00  0.00E+00    0.00E+00  0.00E+00  0.00E+00
num_c1            1.830E-02  1.830E-02    0.00E+00  0.00E+00  0.00E+00    0.00E+00  0.00E+00  0.00E+00
sox_tot           1.000E+01  1.000E+01   -1.73E-06
nhx_tot           0.000E+00  0.000E+00    0.00E+00
soa1_tot          1.000E-01  1.000E-01    1.00E-05

cambox_do_run doing calcsize, istep=       3
calcsize tend > 0 for nspecies =      1
k, accum num, so4, dgncur_a, same for aitken  (#/mg,  ug/kg,  nm)
   1    4.6603E+01  1.9797E-03  5.1421E+01    2.7676E+04  6.5511E-02  9.9006E+00
   2    1.5937E+02  9.3345E-03  5.2085E+01    3.4339E+04  9.1903E-02  1.0415E+01
   3    2.3972E+02  2.3913E-02  5.3581E+01    1.9647E+04  6.8472E-02  1.1610E+01
   4    3.1950E+02  3.9952E-02  5.3841E+01    3.4266E+04  1.2878E-01  1.1542E+01

cambox_do_run doing wateruptake, istep=       3
watruptk tend = 0 for all species
k, accum num, so4, watr, dgncur_a, dgncur_awet, wetdens  (#/mg,  ug/kg,  nm)
   1    4.6603E+01  1.9797E-03  0.0000E+00    5.1421E+01  5.1421E+01  1.0931E+00
   2    1.5937E+02  9.3345E-03  4.5383E-04    5.2085E+01  5.2225E+01  1.1087E+00
   3    2.3972E+02  2.3913E-02  1.7081E-02    5.3581E+01  5.6730E+01  1.1244E+00
   4    3.1950E+02  3.9952E-02  1.0358E-01    5.3841E+01  6.5953E+01  1.0947E+00
k, aitken num, so4, watr, dgncur_a, dgncur_awet, wetdens  (#/mg,  ug/kg,  nm)
   1    2.7676E+04  6.5511E-02  0.0000E+00    9.9006E+00  9.9006E+00  1.7499E+00
   2    3.4339E+04  9.1903E-02  3.0760E-03    1.0415E+01  1.0606E+01  1.6897E+00
   3    1.9647E+04  6.8472E-02  3.3310E-02    1.1610E+01  1.4033E+01  1.3878E+00
   4    3.4266E+04  1.2878E-01  1.8245E-01    1.1542E+01  1.7436E+01  1.2180E+00

cambox_do_run doing gaschem simple, istep=       3
k, old & new so2, old & new h2so4  (ppbv)
   1    2.4001E+00  2.3857E+00    6.4869E-07  1.4357E-02
   2    3.6001E+00  3.5786E+00    7.8630E-07  2.1536E-02
   3    4.8002E+00  4.7715E+00    7.1488E-03  2.8715E-02
   4    6.0002E+00  5.9643E+00    5.5171E-07  3.5894E-02

cambox_do_run doing cloudchem simple, istep=       3
k, old & new so2, ... h2so4, ... so4_c1, ... so4_c2  (ppbv)
   1    2.3857E+00  1.8591E+00    1.4357E-02  5.7430E-03    1.5829E+00  2.1181E+00    0.0000E+00  0.0000E+00
   2    3.5786E+00  2.7887E+00    2.1536E-02  8.6144E-03    2.3744E+00  3.1772E+00    0.0000E+00  0.0000E+00
   3    4.7715E+00  3.7183E+00    2.8715E-02  1.1486E-02    3.1659E+00  4.2363E+00    0.0000E+00  0.0000E+00
   4    5.9643E+00  4.6478E+00    3.5894E-02  1.4357E-02    3.9573E+00  5.2953E+00    0.0000E+00  0.0000E+00

cambox_do_run doing gasaerexch, istep=       3
k, old & new h2so4, old & new so4_a1, old & new so4_a2  (ppbv)
   1    5.7430E-03  4.6465E-07    4.9818E-04  6.5499E-04    1.6486E-02  2.2071E-02
   2    8.6144E-03  5.1070E-07    2.3490E-03  3.0030E-03    2.3127E-02  3.1087E-02
   3    1.1486E-02  4.4359E-03    6.0176E-03  7.8730E-03    1.7230E-02  2.2425E-02
   4    1.4357E-02  2.8304E-07    1.0054E-02  1.2148E-02    3.2407E-02  4.4670E-02

cambox_do_run step done, istep=       3

i, k, told, tnew (h)    9    1     1.000     1.500
spec              qold       qnew         del-gas   del-cloud del-rena    del-cond  del-nuc   del-coag
H2SO4             6.487E-07  4.646E-07    1.44E-02 -8.61E-03  0.00E+00   -1.10E-03 -4.65E-03  0.00E+00
SO2               2.400E+00  1.859E+00   -1.44E-02 -5.27E-01  0.00E+00    0.00E+00  0.00E+00  0.00E+00
SOAG              3.620E-02  3.194E-02    0.00E+00  0.00E+00  0.00E+00   -4.25E-03  0.00E+00  0.00E+00
so4_a1            4.982E-04  6.550E-04    0.00E+00  0.00E+00  0.00E+00    1.48E-04  0.00E+00  8.61E-06
pom_a1            3.169E-02  3.901E-02    0.00E+00  0.00E+00  0.00E+00    6.98E-03  0.00E+00  3.47E-04
soa_a1            1.420E-03  1.999E-03    0.00E+00  0.00E+00  0.00E+00    5.75E-04  0.00E+00  3.27E-06
bc_a1             3.521E-03  4.334E-03    0.00E+00  0.00E+00  0.00E+00    7.75E-04  0.00E+00  3.85E-05
num_a1            4.660E+01  5.737E+01    0.00E+00  0.00E+00  0.00E+00    1.03E+01  0.00E+00  5.02E-01
so4_a2            1.649E-02  2.207E-02    0.00E+00  0.00E+00  0.00E+00    9.48E-04  4.65E-03 -8.61E-06
soa_a2            2.387E-03  6.065E-03    0.00E+00  0.00E+00  0.00E+00    3.68E-03  0.00E+00 -3.27E-06
num_a2            2.768E+04  3.557E+04    0.00E+00  0.00E+00  0.00E+00    0.00E+00  8.60E+03 -7.02E+02
pom_a4            5.324E-02  4.592E-02    0.00E+00  0.00E+00  0.00E+00   -6.98E-03  0.00E+00 -3.47E-04
bc_a4             5.916E-03  5.102E-03    0.00E+00  0.00E+00  0.00E+00   -7.75E-04  0.00E+00 -3.85E-05
num_a4            7.836E+01  6.758E+01    0.00E+00  0.00E+00  0.00E+00   -1.03E+01  0.00E+00 -5.11E-01
so4_c1            1.583E+00  2.118E+00    0.00E+00  5.35E-01  0.00E+00    0.00E+00  0.00E+00  0.00E+00
num_c1            2.015E-02  2.015E-02    0.00E+00  0.00E+00  0.00E+00    0.00E+00  0.00E+00  0.00E+00
sox_tot           4.000E+00  4.000E+00   -6.49E-07
nhx_tot           0.000E+00  0.000E+00    0.00E+00
soa1_tot          4.000E-02  4.001E-02    3.90E-06

i, k, told, tnew (h)    9    2     1.000     1.500
spec              qold       qnew         del-gas   del-cloud del-rena    del-cond  del-nuc   del-coag
H2SO4             7.863E-07  5.107E-07    2.15E-02 -1.29E-02  0.00E+00   -3.51E-03 -5.11E-03  0.00E+00
SO2               3.600E+00  2.789E+00   -2.15E-02 -7.90E-01  0.00E+00    0.00E+00  0.00E+00  0.00E+00
SOAG              4.641E-02  3.533E-02    0.00E+00  0.00E+00  0.00E+00   -1.11E-02  0.00E+00  0.00E+00
so4_a1            2.349E-03  3.003E-03    0.00E+00  0.00E+00  0.00E+00    6.21E-04  0.00E+00  3.31E-05
pom_a1            1.084E-01  1.255E-01    0.00E+00  0.00E+00  0.00E+00    1.63E-02  0.00E+00  7.92E-04
soa_a1            6.435E-03  8.425E-03    0.00E+00  0.00E+00  0.00E+00    1.97E-03  0.00E+00  2.30E-05
bc_a1             1.204E-02  1.394E-02    0.00E+00  0.00E+00  0.00E+00    1.82E-03  0.00E+00  8.80E-05
num_a1            1.594E+02  1.845E+02    0.00E+00  0.00E+00  0.00E+00    2.41E+01  0.00E+00  1.11E+00
so4_a2            2.313E-02  3.109E-02    0.00E+00  0.00E+00  0.00E+00    2.89E-03  5.11E-03 -3.31E-05
soa_a2            7.164E-03  1.627E-02    0.00E+00  0.00E+00  0.00E+00    9.13E-03  0.00E+00 -2.30E-05
num_a2            3.434E+04  4.209E+04    0.00E+00  0.00E+00  0.00E+00    0.00E+00  9.45E+03 -1.70E+03
pom_a4            6.150E-02  4.436E-02    0.00E+00  0.00E+00  0.00E+00   -1.63E-02  0.00E+00 -7.92E-04
bc_a4             6.833E-03  4.929E-03    0.00E+00  0.00E+00  0.00E+00   -1.82E-03  0.00E+00 -8.80E-05
num_a4            9.051E+01  6.529E+01    0.00E+00  0.00E+00  0.00E+00   -2.41E+01  0.00E+00 -1.16E+00
so4_c1            2.374E+00  3.177E+00    0.00E+00  8.03E-01  0.00E+00    0.00E+00  0.00E+00  0.00E+00
num_c1            3.023E-02  3.023E-02    0.00E+00  0.00E+00  0.00E+00    0.00E+00  0.00E+00  0.00E+00
sox_tot           6.000E+00  6.000E+00   -7.86E-07
nhx_tot           0.000E+00  0.000E+00    0.00E+00
soa1_tot          6.001E-02  6.002E-02    1.02E-05

i, k, told, tnew (h)    9    3     1.000     1.500
spec              qold       qnew         del-gas   del-cloud del-rena    del-cond  del-nuc   del-coag
H2SO4             7.149E-03  4.436E-03    2.16E-02 -1.72E-02  0.00E+00   -7.02E-03 -3.26E-05  0.00E+00
SO2               4.800E+00  3.718E+00   -2.87E-02 -1.05E+00  0.00E+00    0.00E+00  0.00E+00  0.00E+00
SOAG              5.430E-02  4.011E-02    0.00E+00  0.00E+00  0.00E+00   -1.42E-02  0.00E+00  0.00E+00
so4_a1            6.018E-03  7.873E-03    0.00E+00  0.00E+00  0.00E+00    1.82E-03  0.00E+00  3.28E-05
pom_a1            1.631E-01  1.998E-01    0.00E+00  0.00E+00  0.00E+00    3.60E-02  0.00E+00  6.97E-04
soa_a1            1.411E-02  1.815E-02    0.00E+00  0.00E+00  0.00E+00    4.00E-03  0.00E+00  4.02E-05
bc_a1             1.812E-02  2.220E-02    0.00E+00  0.00E+00  0.00E+00    4.00E-03  0.00E+00  7.74E-05
num_a1            2.397E+02  2.936E+02    0.00E+00  0.00E+00  0.00E+00    5.30E+01  0.00E+00  8.92E-01
so4_a2            1.723E-02  2.243E-02    0.00E+00  0.00E+00  0.00E+00    5.19E-03  3.26E-05 -3.28E-05
soa_a2            1.161E-02  2.177E-02    0.00E+00  0.00E+00  0.00E+00    1.02E-02  0.00E+00 -4.02E-05
num_a2            1.965E+04  1.935E+04    0.00E+00  0.00E+00  0.00E+00    0.00E+00  6.04E+01 -3.57E+02
pom_a4            9.172E-02  5.503E-02    0.00E+00  0.00E+00  0.00E+00   -3.60E-02  0.00E+00 -6.97E-04
bc_a4             1.019E-02  6.115E-03    0.00E+00  0.00E+00  0.00E+00   -4.00E-03  0.00E+00 -7.74E-05
num_a4            1.350E+02  8.100E+01    0.00E+00  0.00E+00  0.00E+00   -5.30E+01  0.00E+00 -1.03E+00
so4_c1            3.166E+00  4.236E+00    0.00E+00  1.07E+00  0.00E+00    0.00E+00  0.00E+00  0.00E+00
num_c1            4.031E-02  4.031E-02    0.00E+00  0.00E+00  0.00E+00    0.00E+00  0.00E+00  0.00E+00
sox_tot           7.996E+00  7.989E+00   -7.15E-03
nhx_tot           0.000E+00  0.000E+00    0.00E+00
soa1_tot          8.002E-02  8.004E-02    1.30E-05

i, k, told, tnew (h)    9    4     1.000     1.500
spec              qold       qnew         del-gas   del-cloud del-rena    del-cond  del-nuc   del-coag
H2SO4             5.517E-07  2.830E-07    3.59E-02 -2.15E-02  0.00E+00   -1.15E-02 -2.83E-03  0.00E+00
SO2               6.000E+00  4.648E+00   -3.59E-02 -1.32E+00  0.00E+00    0.00E+00  0.00E+00  0.00E+00
SOAG              8.371E-02  7.527E-02    0.00E+00  0.00E+00  0.00E+00   -8.44E-03  0.00E+00  0.00E+00
so4_a1            1.005E-02  1.215E-02    0.00E+00  0.00E+00  0.00E+00    2.01E-03  0.00E+00  8.66E-05
pom_a1            2.174E-01  2.547E-01    0.00E+00  0.00E+00  0.00E+00    3.54E-02  0.00E+00  1.84E-03
soa_a1            1.201E-02  1.978E-02    0.00E+00  0.00E+00  0.00E+00    7.76E-03  0.00E+00  8.22E-06
bc_a1             2.416E-02  2.830E-02    0.00E+00  0.00E+00  0.00E+00    3.93E-03  0.00E+00  2.04E-04
num_a1            3.195E+02  3.741E+02    0.00E+00  0.00E+00  0.00E+00    5.21E+01  0.00E+00  2.47E+00
so4_a2            3.241E-02  4.467E-02    0.00E+00  0.00E+00  0.00E+00    9.52E-03  2.83E-03 -8.66E-05
soa_a2            4.299E-03  4.973E-03    0.00E+00  0.00E+00  0.00E+00    6.82E-04  0.00E+00 -8.22E-06
num_a2            3.427E+04  3.734E+04    0.00E+00  0.00E+00  0.00E+00    0.00E+00  5.24E+03 -2.16E+03
pom_a4            1.223E-01  8.506E-02    0.00E+00  0.00E+00  0.00E+00   -3.54E-02  0.00E+00 -1.84E-03
bc_a4             1.359E-02  9.451E-03    0.00E+00  0.00E+00  0.00E+00   -3.93E-03  0.00E+00 -2.04E-04
num_a4            1.800E+02  1.252E+02    0.00E+00  0.00E+00  0.00E+00   -5.21E+01  0.00E+00 -2.72E+00
so4_c1            3.957E+00  5.295E+00    0.00E+00  1.34E+00  0.00E+00    0.00E+00  0.00E+00  0.00E+00
num_c1            5.038E-02  5.038E-02    0.00E+00  0.00E+00  0.00E+00    0.00E+00  0.00E+00  0.00E+00
sox_tot           1.000E+01  1.000E+01   -5.52E-07
nhx_tot           0.000E+00  0.000E+00    0.00E+00
soa1_tot          1.000E-01  1.000E-01    7.73E-06
