
k, zm, pmid, tc, pblh, cld, relhum, qv, so2, accum num & so4, aitken num & so4 icol=1

   1  7.50E+00  3.00E+02 -3.39E+01  1.10E+00  6.00E-01  8.00E-01  4.17E-01  8.85E+00  0.00E+00  0.00E+00  0.00E+00  0.00E+00

   2  4.50E+00  5.50E+02 -1.44E+01  1.10E+00  6.00E-01  8.40E-01  1.73E+00  1.33E+01  0.00E+00  0.00E+00  0.00E+00  0.00E+00

   3  2.00E+00  8.00E+02  1.84E+00  1.10E+00  6.00E-01  8.80E-01  4.79E+00  1.77E+01  0.00E+00  0.00E+00  0.00E+00  0.00E+00

   4  5.00E-01  9.50E+02  1.16E+01  1.10E+00  6.00E-01  9.60E-01  8.63E+00  2.21E+01  0.00E+00  0.00E+00  0.00E+00  0.00E+00

cambox_do_run doing calcsize, istep=       1
calcsize tend = 0 for all species
k, accum num, so4, dgncur_a, same for aitken  (#/mg,  ug/kg,  nm)
   1    0.0000E+00  0.0000E+00  1.1000E+02    0.0000E+00  0.0000E+00  2.6000E+01
   2    0.0000E+00  0.0000E+00  1.1000E+02    0.0000E+00  0.0000E+00  2.6000E+01
   3    0.0000E+00  0.0000E+00  1.1000E+02    0.0000E+00  0.0000E+00  2.6000E+01
   4    0.0000E+00  0.0000E+00  1.1000E+02    0.0000E+00  0.0000E+00  2.6000E+01

cambox_do_run doing wateruptake, istep=       1
watruptk tend = 0 for all species
k, accum num, so4, watr, dgncur_a, dgncur_awet, wetdens  (#/mg,  ug/kg,  nm)
   1    0.0000E+00  0.0000E+00  0.0000E+00    1.1000E+02  1.1000E+02  1.0000E-03
   2    0.0000E+00  0.0000E+00  0.0000E+00    1.1000E+02  1.1240E+02  6.3671E-02
   3    0.0000E+00  0.0000E+00  0.0000E+00    1.1000E+02  1.4044E+02  5.1992E-01
   4    0.0000E+00  0.0000E+00  0.0000E+00    1.1000E+02  1.9472E+02  8.1990E-01
k, aitken num, so4, watr, dgncur_a, dgncur_awet, wetdens  (#/mg,  ug/kg,  nm)
   1    0.0000E+00  0.0000E+00  0.0000E+00    2.6000E+01  2.6000E+01  1.0000E-03
   2    0.0000E+00  0.0000E+00  0.0000E+00    2.6000E+01  2.6541E+01  6.0818E-02
   3    0.0000E+00  0.0000E+00  0.0000E+00    2.6000E+01  3.2602E+01  4.9330E-01
   4    0.0000E+00  0.0000E+00  0.0000E+00    2.6000E+01  4.2954E+01  7.7845E-01

cambox_do_run doing gaschem simple, istep=       1
k, old & new so2, old & new h2so4  (ppbv)
   1    4.0000E+00  3.9761E+00    0.0000E+00  2.3928E-02
   2    6.0000E+00  5.9641E+00    0.0000E+00  3.5892E-02
   3    8.0000E+00  7.9521E+00    0.0000E+00  4.7856E-02
   4    1.0000E+01  9.9402E+00    0.0000E+00  5.9820E-02

cambox_do_run doing cloudchem simple, istep=       1
k, old & new so2, ... h2so4, ... so4_c1, ... so4_c2  (ppbv)
   1    3.9761E+00  3.0984E+00    2.3928E-02  9.5713E-03    0.0000E+00  8.9199E-01    0.0000E+00  0.0000E+00
   2    5.9641E+00  4.6477E+00    3.5892E-02  1.4357E-02    0.0000E+00  1.3380E+00    0.0000E+00  0.0000E+00
   3    7.9521E+00  6.1969E+00    4.7856E-02  1.9143E-02    0.0000E+00  1.7840E+00    0.0000E+00  0.0000E+00
   4    9.9402E+00  7.7461E+00    5.9820E-02  2.3928E-02    0.0000E+00  2.2300E+00    0.0000E+00  0.0000E+00

cambox_do_run doing gasaerexch, istep=       1
k, old & new h2so4, old & new so4_a1, old & new so4_a2  (ppbv)
   1    9.5713E-03  9.2868E-07    0.0000E+00  2.8752E-04    0.0000E+00  9.2828E-03
   2    1.4357E-02  1.2958E-06    0.0000E+00  1.4104E-03    0.0000E+00  1.2945E-02
   3    1.9143E-02  3.5736E-03    0.0000E+00  3.6463E-03    0.0000E+00  1.1923E-02
   4    2.3928E-02  1.7276E-06    0.0000E+00  6.6902E-03    0.0000E+00  1.7236E-02

cambox_do_run step done, istep=       1

i, k, told, tnew (h)    4    1     0.000     0.500
spec              qold       qnew         del-gas   del-cloud del-rena    del-cond  del-nuc   del-coag
H2SO4             0.000E+00  9.287E-07    2.39E-02 -1.44E-02  0.00E+00   -2.84E-04 -9.29E-03  0.00E+00
SO2               4.000E+00  3.098E+00   -2.39E-02 -8.78E-01  0.00E+00    0.00E+00  0.00E+00  0.00E+00
so4_a1            0.000E+00  2.875E-04    0.00E+00  0.00E+00  0.00E+00    2.84E-04  0.00E+00  3.08E-06
pom_a1            0.000E+00  1.767E-02    0.00E+00  0.00E+00  0.00E+00    1.75E-02  0.00E+00  1.89E-04
bc_a1             0.000E+00  1.963E-03    0.00E+00  0.00E+00  0.00E+00    1.94E-03  0.00E+00  2.10E-05
num_a1            0.000E+00  2.600E+01    0.00E+00  0.00E+00  0.00E+00    2.57E+01  0.00E+00  2.79E-01
so4_a2            0.000E+00  9.283E-03    0.00E+00  0.00E+00  0.00E+00    0.00E+00  9.29E-03 -3.08E-06
num_a2            0.000E+00  1.629E+04    0.00E+00  0.00E+00  0.00E+00    0.00E+00  1.72E+04 -8.97E+02
pom_a4            8.493E-02  6.726E-02    0.00E+00  0.00E+00  0.00E+00   -1.75E-02  0.00E+00 -1.89E-04
bc_a4             9.437E-03  7.473E-03    0.00E+00  0.00E+00  0.00E+00   -1.94E-03  0.00E+00 -2.10E-05
num_a4            1.250E+02  9.899E+01    0.00E+00  0.00E+00  0.00E+00   -2.57E+01  0.00E+00 -2.87E-01
so4_c1            0.000E+00  8.920E-01    0.00E+00  8.92E-01  0.00E+00    0.00E+00  0.00E+00  0.00E+00
sox_tot           4.000E+00  4.000E+00    0.00E+00
nhx_tot           0.000E+00  0.000E+00    0.00E+00

i, k, told, tnew (h)    4    2     0.000     0.500
spec              qold       qnew         del-gas   del-cloud del-rena    del-cond  del-nuc   del-coag
H2SO4             0.000E+00  1.296E-06    3.59E-02 -2.15E-02  0.00E+00   -1.40E-03 -1.30E-02  0.00E+00
SO2               6.000E+00  4.648E+00   -3.59E-02 -1.32E+00  0.00E+00    0.00E+00  0.00E+00  0.00E+00
so4_a1            0.000E+00  1.410E-03    0.00E+00  0.00E+00  0.00E+00    1.40E-03  0.00E+00  1.17E-05
pom_a1            0.000E+00  6.794E-02    0.00E+00  0.00E+00  0.00E+00    6.74E-02  0.00E+00  5.65E-04
bc_a1             0.000E+00  7.549E-03    0.00E+00  0.00E+00  0.00E+00    7.49E-03  0.00E+00  6.27E-05
num_a1            0.000E+00  9.996E+01    0.00E+00  0.00E+00  0.00E+00    9.91E+01  0.00E+00  8.31E-01
so4_a2            0.000E+00  1.295E-02    0.00E+00  0.00E+00  0.00E+00    0.00E+00  1.30E-02 -1.17E-05
num_a2            0.000E+00  2.144E+04    0.00E+00  0.00E+00  0.00E+00    0.00E+00  2.40E+04 -2.54E+03
pom_a4            1.699E-01  1.019E-01    0.00E+00  0.00E+00  0.00E+00   -6.74E-02  0.00E+00 -5.65E-04
bc_a4             1.887E-02  1.132E-02    0.00E+00  0.00E+00  0.00E+00   -7.49E-03  0.00E+00 -6.27E-05
num_a4            2.500E+02  1.500E+02    0.00E+00  0.00E+00  0.00E+00   -9.91E+01  0.00E+00 -8.74E-01
so4_c1            0.000E+00  1.338E+00    0.00E+00  1.34E+00  0.00E+00    0.00E+00  0.00E+00  0.00E+00
sox_tot           6.000E+00  6.000E+00    8.27E-16
nhx_tot           0.000E+00  0.000E+00    0.00E+00

i, k, told, tnew (h)    4    3     0.000     0.500
spec              qold       qnew         del-gas   del-cloud del-rena    del-cond  del-nuc   del-coag
H2SO4             0.000E+00  3.574E-03    4.79E-02 -2.87E-02  0.00E+00   -3.63E-03 -1.19E-02  0.00E+00
SO2               8.000E+00  6.197E+00   -4.79E-02 -1.76E+00  0.00E+00    0.00E+00  0.00E+00  0.00E+00
so4_a1            0.000E+00  3.646E-03    0.00E+00  0.00E+00  0.00E+00    3.63E-03  0.00E+00  1.83E-05
pom_a1            0.000E+00  1.019E-01    0.00E+00  0.00E+00  0.00E+00    1.01E-01  0.00E+00  5.12E-04
bc_a1             0.000E+00  1.132E-02    0.00E+00  0.00E+00  0.00E+00    1.13E-02  0.00E+00  5.69E-05
num_a1            0.000E+00  1.499E+02    0.00E+00  0.00E+00  0.00E+00    1.49E+02  0.00E+00  7.53E-01
so4_a2            0.000E+00  1.192E-02    0.00E+00  0.00E+00  0.00E+00    0.00E+00  1.19E-02 -1.83E-05
num_a2            0.000E+00  1.945E+04    0.00E+00  0.00E+00  0.00E+00    0.00E+00  2.21E+04 -2.65E+03
pom_a4            2.548E-01  1.529E-01    0.00E+00  0.00E+00  0.00E+00   -1.01E-01  0.00E+00 -5.12E-04
bc_a4             2.831E-02  1.699E-02    0.00E+00  0.00E+00  0.00E+00   -1.13E-02  0.00E+00 -5.69E-05
num_a4            3.750E+02  2.250E+02    0.00E+00  0.00E+00  0.00E+00   -1.49E+02  0.00E+00 -8.68E-01
so4_c1            0.000E+00  1.784E+00    0.00E+00  1.78E+00  0.00E+00    0.00E+00  0.00E+00  0.00E+00
sox_tot           8.000E+00  8.000E+00    0.00E+00
nhx_tot           0.000E+00  0.000E+00    0.00E+00

i, k, told, tnew (h)    4    4     0.000     0.500
spec              qold       qnew         del-gas   del-cloud del-rena    del-cond  del-nuc   del-coag
H2SO4             0.000E+00  1.728E-06    5.98E-02 -3.59E-02  0.00E+00   -6.65E-03 -1.73E-02  0.00E+00
SO2               1.000E+01  7.746E+00   -5.98E-02 -2.19E+00  0.00E+00    0.00E+00  0.00E+00  0.00E+00
so4_a1            0.000E+00  6.690E-03    0.00E+00  0.00E+00  0.00E+00    6.65E-03  0.00E+00  3.80E-05
pom_a1            0.000E+00  1.359E-01    0.00E+00  0.00E+00  0.00E+00    1.35E-01  0.00E+00  7.72E-04
bc_a1             0.000E+00  1.510E-02    0.00E+00  0.00E+00  0.00E+00    1.50E-02  0.00E+00  8.57E-05
num_a1            0.000E+00  1.998E+02    0.00E+00  0.00E+00  0.00E+00    1.99E+02  0.00E+00  1.13E+00
so4_a2            0.000E+00  1.724E-02    0.00E+00  0.00E+00  0.00E+00    0.00E+00  1.73E-02 -3.80E-05
num_a2            0.000E+00  2.660E+04    0.00E+00  0.00E+00  0.00E+00    0.00E+00  3.20E+04 -5.37E+03
pom_a4            3.397E-01  2.038E-01    0.00E+00  0.00E+00  0.00E+00   -1.35E-01  0.00E+00 -7.72E-04
bc_a4             3.775E-02  2.265E-02    0.00E+00  0.00E+00  0.00E+00   -1.50E-02  0.00E+00 -8.57E-05
num_a4            5.000E+02  3.000E+02    0.00E+00  0.00E+00  0.00E+00   -1.99E+02  0.00E+00 -1.35E+00
so4_c1            0.000E+00  2.230E+00    0.00E+00  2.23E+00  0.00E+00    0.00E+00  0.00E+00  0.00E+00
sox_tot           1.000E+01  1.000E+01    0.00E+00
nhx_tot           0.000E+00  0.000E+00    0.00E+00

cambox_do_run doing calcsize, istep=       2
calcsize tend > 0 for nspecies =      1
k, accum num, so4, dgncur_a, same for aitken  (#/mg,  ug/kg,  nm)
   1    2.5994E+01  1.1426E-03  5.0809E+01    1.6289E+04  3.6889E-02  9.6702E+00
   2    9.9946E+01  5.6046E-03  5.1165E+01    2.1438E+04  5.1443E-02  9.8586E+00
   3    1.4987E+02  1.4490E-02  5.2322E+01    1.9452E+04  4.7379E-02  9.9079E+00
   4    1.9976E+02  2.6586E-02  5.3319E+01    2.6602E+04  6.8495E-02  1.0093E+01

cambox_do_run doing wateruptake, istep=       2
watruptk tend = 0 for all species
k, accum num, so4, watr, dgncur_a, dgncur_awet, wetdens  (#/mg,  ug/kg,  nm)
   1    2.5994E+01  1.1426E-03  0.0000E+00    5.0809E+01  5.0809E+01  1.0985E+00
   2    9.9946E+01  5.6046E-03  2.4479E-04    5.1165E+01  5.1291E+01  1.1115E+00
   3    1.4987E+02  1.4490E-02  9.3432E-03    5.2322E+01  5.5221E+01  1.1317E+00
   4    1.9976E+02  2.6586E-02  6.4895E-02    5.3319E+01  6.5627E+01  1.1011E+00
k, aitken num, so4, watr, dgncur_a, dgncur_awet, wetdens  (#/mg,  ug/kg,  nm)
   1    1.6289E+04  3.6889E-02  0.0000E+00    9.6702E+00  9.6702E+00  1.7700E+00
   2    2.1438E+04  5.1443E-02  1.6826E-03    9.8586E+00  1.0045E+01  1.7279E+00
   3    1.9452E+04  4.7379E-02  2.1407E-02    9.9079E+00  1.2052E+01  1.4278E+00
   4    2.6602E+04  6.8495E-02  8.9437E-02    1.0093E+01  1.5043E+01  1.2325E+00

cambox_do_run doing gaschem simple, istep=       2
k, old & new so2, old & new h2so4  (ppbv)
   1    3.0984E+00  3.0799E+00    9.2868E-07  1.8535E-02
   2    4.6477E+00  4.6199E+00    1.2958E-06  2.7802E-02
   3    6.1969E+00  6.1598E+00    3.5736E-03  3.7070E-02
   4    7.7461E+00  7.6998E+00    1.7276E-06  4.6337E-02

cambox_do_run doing cloudchem simple, istep=       2
k, old & new so2, ... h2so4, ... so4_c1, ... so4_c2  (ppbv)
   1    3.0799E+00  2.4001E+00    1.8535E-02  7.4140E-03    8.9199E-01  1.5829E+00    0.0000E+00  0.0000E+00
   2    4.6199E+00  3.6001E+00    2.7802E-02  1.1121E-02    1.3380E+00  2.3744E+00    0.0000E+00  0.0000E+00
   3    6.1598E+00  4.8002E+00    3.7070E-02  1.4828E-02    1.7840E+00  3.1659E+00    0.0000E+00  0.0000E+00
   4    7.6998E+00  6.0002E+00    4.6337E-02  1.8535E-02    2.2300E+00  3.9573E+00    0.0000E+00  0.0000E+00

cambox_do_run doing gasaerexch, istep=       2
k, old & new h2so4, old & new so4_a1, old & new so4_a2  (ppbv)
   1    7.4140E-03  6.4872E-07    2.8752E-04  4.9791E-04    9.2828E-03  1.6486E-02
   2    1.1121E-02  7.8709E-07    1.4104E-03  2.3393E-03    1.2945E-02  2.3136E-02
   3    1.4828E-02  7.1683E-03    3.6463E-03  5.9804E-03    1.1923E-02  1.7248E-02
   4    1.8535E-02  5.5292E-07    6.6902E-03  1.0026E-02    1.7236E-02  3.2435E-02

cambox_do_run step done, istep=       2

i, k, told, tnew (h)    4    1     0.500     1.000
spec              qold       qnew         del-gas   del-cloud del-rena    del-cond  del-nuc   del-coag
H2SO4             9.287E-07  6.487E-07    1.85E-02 -1.11E-02  0.00E+00   -9.27E-04 -6.49E-03  0.00E+00
SO2               3.098E+00  2.400E+00   -1.85E-02 -6.80E-01  0.00E+00    0.00E+00  0.00E+00  0.00E+00
so4_a1            2.875E-04  4.979E-04    0.00E+00  0.00E+00  0.00E+00    2.02E-04  0.00E+00  7.93E-06
pom_a1            1.767E-02  2.807E-02    0.00E+00  0.00E+00  0.00E+00    1.00E-02  0.00E+00  3.93E-04
bc_a1             1.963E-03  3.119E-03    0.00E+00  0.00E+00  0.00E+00    1.11E-03  0.00E+00  4.36E-05
num_a1            2.599E+01  4.130E+01    0.00E+00  0.00E+00  0.00E+00    1.47E+01  0.00E+00  5.73E-01
so4_a2            9.283E-03  1.649E-02    0.00E+00  0.00E+00  0.00E+00    7.24E-04  6.49E-03 -7.93E-06
num_a2            1.629E+04  2.768E+04    0.00E+00  0.00E+00  0.00E+00    0.00E+00  1.20E+04 -6.18E+02
pom_a4            6.726E-02  5.686E-02    0.00E+00  0.00E+00  0.00E+00   -1.00E-02  0.00E+00 -3.93E-04
bc_a4             7.473E-03  6.318E-03    0.00E+00  0.00E+00  0.00E+00   -1.11E-03  0.00E+00 -4.36E-05
num_a4            9.899E+01  8.368E+01    0.00E+00  0.00E+00  0.00E+00   -1.47E+01  0.00E+00 -5.82E-01
so4_c1            8.920E-01  1.583E+00    0.00E+00  6.91E-01  0.00E+00    0.00E+00  0.00E+00  0.00E+00
num_c1            7.319E-03  7.319E-03    0.00E+00  0.00E+00  0.00E+00    0.00E+00  0.00E+00  0.00E+00
sox_tot           4.000E+00  4.000E+00   -9.29E-07
nhx_tot           0.000E+00  0.000E+00    0.00E+00

i, k, told, tnew (h)    4    2     0.500     1.000
spec              qold       qnew         del-gas   del-cloud del-rena    del-cond  del-nuc   del-coag
H2SO4             1.296E-06  7.871E-07    2.78E-02 -1.67E-02  0.00E+00   -3.25E-03 -7.87E-03  0.00E+00
SO2               4.648E+00  3.600E+00   -2.78E-02 -1.02E+00  0.00E+00    0.00E+00  0.00E+00  0.00E+00
so4_a1            1.410E-03  2.339E-03    0.00E+00  0.00E+00  0.00E+00    8.98E-04  0.00E+00  3.13E-05
pom_a1            6.794E-02  1.031E-01    0.00E+00  0.00E+00  0.00E+00    3.39E-02  0.00E+00  1.19E-03
bc_a1             7.549E-03  1.145E-02    0.00E+00  0.00E+00  0.00E+00    3.77E-03  0.00E+00  1.33E-04
num_a1            9.995E+01  1.516E+02    0.00E+00  0.00E+00  0.00E+00    4.99E+01  0.00E+00  1.72E+00
so4_a2            1.295E-02  2.314E-02    0.00E+00  0.00E+00  0.00E+00    2.35E-03  7.87E-03 -3.13E-05
num_a2            2.144E+04  3.435E+04    0.00E+00  0.00E+00  0.00E+00    0.00E+00  1.46E+04 -1.65E+03
pom_a4            1.019E-01  6.678E-02    0.00E+00  0.00E+00  0.00E+00   -3.39E-02  0.00E+00 -1.19E-03
bc_a4             1.132E-02  7.420E-03    0.00E+00  0.00E+00  0.00E+00   -3.77E-03  0.00E+00 -1.33E-04
num_a4            1.500E+02  9.829E+01    0.00E+00  0.00E+00  0.00E+00   -4.99E+01  0.00E+00 -1.76E+00
so4_c1            1.338E+00  2.374E+00    0.00E+00  1.04E+00  0.00E+00    0.00E+00  0.00E+00  0.00E+00
num_c1            1.098E-02  1.098E-02    0.00E+00  0.00E+00  0.00E+00    0.00E+00  0.00E+00  0.00E+00
sox_tot           6.000E+00  6.000E+00   -1.30E-06
nhx_tot           0.000E+00  0.000E+00    0.00E+00

i, k, told, tnew (h)    4    3     0.500     1.000
spec              qold       qnew         del-gas   del-cloud del-rena    del-cond  del-nuc   del-coag
H2SO4             3.574E-03  7.168E-03    3.35E-02 -2.22E-02  0.00E+00   -7.34E-03 -3.22E-04  0.00E+00
SO2               6.197E+00  4.800E+00   -3.71E-02 -1.36E+00  0.00E+00    0.00E+00  0.00E+00  0.00E+00
so4_a1            3.646E-03  5.980E-03    0.00E+00  0.00E+00  0.00E+00    2.30E-03  0.00E+00  3.20E-05
pom_a1            1.019E-01  1.631E-01    0.00E+00  0.00E+00  0.00E+00    6.02E-02  0.00E+00  9.08E-04
bc_a1             1.132E-02  1.812E-02    0.00E+00  0.00E+00  0.00E+00    6.69E-03  0.00E+00  1.01E-04
num_a1            1.499E+02  2.397E+02    0.00E+00  0.00E+00  0.00E+00    8.86E+01  0.00E+00  1.23E+00
so4_a2            1.192E-02  1.725E-02    0.00E+00  0.00E+00  0.00E+00    5.04E-03  3.22E-04 -3.20E-05
num_a2            1.945E+04  1.966E+04    0.00E+00  0.00E+00  0.00E+00    0.00E+00  5.96E+02 -3.90E+02
pom_a4            1.529E-01  9.172E-02    0.00E+00  0.00E+00  0.00E+00   -6.02E-02  0.00E+00 -9.08E-04
bc_a4             1.699E-02  1.019E-02    0.00E+00  0.00E+00  0.00E+00   -6.69E-03  0.00E+00 -1.01E-04
num_a4            2.250E+02  1.350E+02    0.00E+00  0.00E+00  0.00E+00   -8.86E+01  0.00E+00 -1.36E+00
so4_c1            1.784E+00  3.166E+00    0.00E+00  1.38E+00  0.00E+00    0.00E+00  0.00E+00  0.00E+00
num_c1            1.464E-02  1.464E-02    0.00E+00  0.00E+00  0.00E+00    0.00E+00  0.00E+00  0.00E+00
sox_tot           8.000E+00  7.996E+00   -3.57E-03
nhx_tot           0.000E+00  0.000E+00    0.00E+00

i, k, told, tnew (h)    4    4     0.500     1.000
spec              qold       qnew         del-gas   del-cloud del-rena    del-cond  del-nuc   del-coag
H2SO4             1.728E-06  5.529E-07    4.63E-02 -2.78E-02  0.00E+00   -1.30E-02 -5.53E-03  0.00E+00
SO2               7.746E+00  6.000E+00   -4.63E-02 -1.70E+00  0.00E+00    0.00E+00  0.00E+00  0.00E+00
so4_a1            6.690E-03  1.003E-02    0.00E+00  0.00E+00  0.00E+00    3.25E-03  0.00E+00  8.49E-05
pom_a1            1.359E-01  2.174E-01    0.00E+00  0.00E+00  0.00E+00    7.92E-02  0.00E+00  2.34E-03
bc_a1             1.510E-02  2.416E-02    0.00E+00  0.00E+00  0.00E+00    8.80E-03  0.00E+00  2.61E-04
num_a1            1.998E+02  3.195E+02    0.00E+00  0.00E+00  0.00E+00    1.16E+02  0.00E+00  3.28E+00
so4_a2            1.724E-02  3.244E-02    0.00E+00  0.00E+00  0.00E+00    9.76E-03  5.53E-03 -8.49E-05
num_a2            2.660E+04  3.428E+04    0.00E+00  0.00E+00  0.00E+00    0.00E+00  1.02E+04 -2.55E+03
pom_a4            2.038E-01  1.223E-01    0.00E+00  0.00E+00  0.00E+00   -7.92E-02  0.00E+00 -2.34E-03
bc_a4             2.265E-02  1.359E-02    0.00E+00  0.00E+00  0.00E+00   -8.80E-03  0.00E+00 -2.61E-04
num_a4            3.000E+02  1.800E+02    0.00E+00  0.00E+00  0.00E+00   -1.16E+02  0.00E+00 -3.51E+00
so4_c1            2.230E+00  3.957E+00    0.00E+00  1.73E+00  0.00E+00    0.00E+00  0.00E+00  0.00E+00
num_c1            1.830E-02  1.830E-02    0.00E+00  0.00E+00  0.00E+00    0.00E+00  0.00E+00  0.00E+00
sox_tot           1.000E+01  1.000E+01   -1.73E-06
nhx_tot           0.000E+00  0.000E+00    0.00E+00

cambox_do_run doing calcsize, istep=       3
calcsize tend > 0 for nspecies =      1
k, accum num, so4, dgncur_a, same for aitken  (#/mg,  ug/kg,  nm)
   1    4.1283E+01  1.9786E-03  5.0931E+01    2.7677E+04  6.5512E-02  9.8139E+00
   2    1.5159E+02  9.2961E-03  5.1321E+01    3.4353E+04  9.1942E-02  1.0224E+01
   3    2.3972E+02  2.3765E-02  5.2395E+01    1.9658E+04  6.8542E-02  1.1166E+01
   4    3.1950E+02  3.9841E-02  5.3099E+01    3.4284E+04  1.2889E-01  1.1450E+01

cambox_do_run doing wateruptake, istep=       3
watruptk tend = 0 for all species
k, accum num, so4, watr, dgncur_a, dgncur_awet, wetdens  (#/mg,  ug/kg,  nm)
   1    4.1283E+01  1.9786E-03  0.0000E+00    5.0931E+01  5.0931E+01  1.1031E+00
   2    1.5159E+02  9.2961E-03  4.0089E-04    5.1321E+01  5.1456E+01  1.1172E+00
   3    2.3972E+02  2.3765E-02  1.5292E-02    5.2395E+01  5.5350E+01  1.1333E+00
   4    3.1950E+02  3.9841E-02  9.7503E-02    5.3099E+01  6.4859E+01  1.0993E+00
k, aitken num, so4, watr, dgncur_a, dgncur_awet, wetdens  (#/mg,  ug/kg,  nm)
   1    2.7677E+04  6.5512E-02  0.0000E+00    9.8139E+00  9.8139E+00  1.7700E+00
   2    3.4353E+04  9.1942E-02  3.0233E-03    1.0224E+01  1.0419E+01  1.7276E+00
   3    1.9658E+04  6.8542E-02  3.2025E-02    1.1166E+01  1.3651E+01  1.4215E+00
   4    3.4284E+04  1.2889E-01  1.8099E-01    1.1450E+01  1.7361E+01  1.2209E+00

cambox_do_run doing gaschem simple, istep=       3
k, old & new so2, old & new h2so4  (ppbv)
   1    2.4001E+00  2.3857E+00    6.4872E-07  1.4357E-02
   2    3.6001E+00  3.5786E+00    7.8709E-07  2.1536E-02
   3    4.8002E+00  4.7715E+00    7.1683E-03  2.8715E-02
   4    6.0002E+00  5.9643E+00    5.5292E-07  3.5894E-02

cambox_do_run doing cloudchem simple, istep=       3
k, old & new so2, ... h2so4, ... so4_c1, ... so4_c2  (ppbv)
   1    2.3857E+00  1.8591E+00    1.4357E-02  5.7430E-03    1.5829E+00  2.1181E+00    0.0000E+00  0.0000E+00
   2    3.5786E+00  2.7887E+00    2.1536E-02  8.6144E-03    2.3744E+00  3.1772E+00    0.0000E+00  0.0000E+00
   3    4.7715E+00  3.7183E+00    2.8715E-02  1.1486E-02    3.1659E+00  4.2363E+00    0.0000E+00  0.0000E+00
   4    5.9643E+00  4.6478E+00    3.5894E-02  1.4357E-02    3.9573E+00  5.2953E+00    0.0000E+00  0.0000E+00

cambox_do_run doing gasaerexch, istep=       3
k, old & new h2so4, old & new so4_a1, old & new so4_a2  (ppbv)
   1    5.7430E-03  4.6612E-07    4.9791E-04  6.5455E-04    1.6486E-02  2.2072E-02
   2    8.6144E-03  5.1826E-07    2.3393E-03  2.9898E-03    2.3136E-02  3.1100E-02
   3    1.1486E-02  4.5911E-03    5.9804E-03  7.8249E-03    1.7248E-02  2.2299E-02
   4    1.4357E-02  2.8591E-07    1.0026E-02  1.2092E-02    3.2435E-02  4.4726E-02

cambox_do_run step done, istep=       3

i, k, told, tnew (h)    4    1     1.000     1.500
spec              qold       qnew         del-gas   del-cloud del-rena    del-cond  del-nuc   del-coag
H2SO4             6.487E-07  4.661E-07    1.44E-02 -8.61E-03  0.00E+00   -1.08E-03 -4.66E-03  0.00E+00
SO2               2.400E+00  1.859E+00   -1.44E-02 -5.27E-01  0.00E+00    0.00E+00  0.00E+00  0.00E+00
so4_a1            4.979E-04  6.545E-04    0.00E+00  0.00E+00  0.00E+00    1.48E-04  0.00E+00  8.65E-06
pom_a1            2.807E-02  3.467E-02    0.00E+00  0.00E+00  0.00E+00    6.23E-03  0.00E+00  3.65E-04
bc_a1             3.119E-03  3.852E-03    0.00E+00  0.00E+00  0.00E+00    6.93E-04  0.00E+00  4.06E-05
num_a1            4.128E+01  5.099E+01    0.00E+00  0.00E+00  0.00E+00    9.17E+00  0.00E+00  5.31E-01
so4_a2            1.649E-02  2.207E-02    0.00E+00  0.00E+00  0.00E+00    9.34E-04  4.66E-03 -8.65E-06
num_a2            2.768E+04  3.560E+04    0.00E+00  0.00E+00  0.00E+00    0.00E+00  8.63E+03 -6.98E+02
pom_a4            5.686E-02  5.026E-02    0.00E+00  0.00E+00  0.00E+00   -6.23E-03  0.00E+00 -3.65E-04
bc_a4             6.318E-03  5.585E-03    0.00E+00  0.00E+00  0.00E+00   -6.93E-04  0.00E+00 -4.06E-05
num_a4            8.368E+01  7.397E+01    0.00E+00  0.00E+00  0.00E+00   -9.17E+00  0.00E+00 -5.39E-01
so4_c1            1.583E+00  2.118E+00    0.00E+00  5.35E-01  0.00E+00    0.00E+00  0.00E+00  0.00E+00
num_c1            2.015E-02  2.015E-02    0.00E+00  0.00E+00  0.00E+00    0.00E+00  0.00E+00  0.00E+00
sox_tot           4.000E+00  4.000E+00   -6.49E-07
nhx_tot           0.000E+00  0.000E+00    0.00E+00

i, k, told, tnew (h)    4    2     1.000     1.500
spec              qold       qnew         del-gas   del-cloud del-rena    del-cond  del-nuc   del-coag
H2SO4             7.871E-07  5.183E-07    2.15E-02 -1.29E-02  0.00E+00   -3.43E-03 -5.18E-03  0.00E+00
SO2               3.600E+00  2.789E+00   -2.15E-02 -7.90E-01  0.00E+00    0.00E+00  0.00E+00  0.00E+00
so4_a1            2.339E-03  2.990E-03    0.00E+00  0.00E+00  0.00E+00    6.17E-04  0.00E+00  3.34E-05
pom_a1            1.031E-01  1.194E-01    0.00E+00  0.00E+00  0.00E+00    1.54E-02  0.00E+00  8.45E-04
bc_a1             1.145E-02  1.326E-02    0.00E+00  0.00E+00  0.00E+00    1.72E-03  0.00E+00  9.39E-05
num_a1            1.516E+02  1.755E+02    0.00E+00  0.00E+00  0.00E+00    2.27E+01  0.00E+00  1.19E+00
so4_a2            2.314E-02  3.110E-02    0.00E+00  0.00E+00  0.00E+00    2.81E-03  5.18E-03 -3.34E-05
num_a2            3.435E+04  4.225E+04    0.00E+00  0.00E+00  0.00E+00    0.00E+00  9.59E+03 -1.69E+03
pom_a4            6.678E-02  5.050E-02    0.00E+00  0.00E+00  0.00E+00   -1.54E-02  0.00E+00 -8.45E-04
bc_a4             7.420E-03  5.611E-03    0.00E+00  0.00E+00  0.00E+00   -1.72E-03  0.00E+00 -9.39E-05
num_a4            9.829E+01  7.433E+01    0.00E+00  0.00E+00  0.00E+00   -2.27E+01  0.00E+00 -1.24E+00
so4_c1            2.374E+00  3.177E+00    0.00E+00  8.03E-01  0.00E+00    0.00E+00  0.00E+00  0.00E+00
num_c1            3.023E-02  3.023E-02    0.00E+00  0.00E+00  0.00E+00    0.00E+00  0.00E+00  0.00E+00
sox_tot           6.000E+00  6.000E+00   -7.87E-07
nhx_tot           0.000E+00  0.000E+00    0.00E+00

i, k, told, tnew (h)    4    3     1.000     1.500
spec              qold       qnew         del-gas   del-cloud del-rena    del-cond  del-nuc   del-coag
H2SO4             7.168E-03  4.591E-03    2.15E-02 -1.72E-02  0.00E+00   -6.85E-03 -4.01E-05  0.00E+00
SO2               4.800E+00  3.718E+00   -2.87E-02 -1.05E+00  0.00E+00    0.00E+00  0.00E+00  0.00E+00
so4_a1            5.980E-03  7.825E-03    0.00E+00  0.00E+00  0.00E+00    1.81E-03  0.00E+00  3.29E-05
pom_a1            1.631E-01  1.998E-01    0.00E+00  0.00E+00  0.00E+00    3.60E-02  0.00E+00  7.14E-04
bc_a1             1.812E-02  2.220E-02    0.00E+00  0.00E+00  0.00E+00    4.00E-03  0.00E+00  7.94E-05
num_a1            2.397E+02  2.936E+02    0.00E+00  0.00E+00  0.00E+00    5.30E+01  0.00E+00  9.15E-01
so4_a2            1.725E-02  2.230E-02    0.00E+00  0.00E+00  0.00E+00    5.04E-03  4.01E-05 -3.29E-05
num_a2            1.966E+04  1.938E+04    0.00E+00  0.00E+00  0.00E+00    0.00E+00  7.43E+01 -3.55E+02
pom_a4            9.172E-02  5.503E-02    0.00E+00  0.00E+00  0.00E+00   -3.60E-02  0.00E+00 -7.14E-04
bc_a4             1.019E-02  6.115E-03    0.00E+00  0.00E+00  0.00E+00   -4.00E-03  0.00E+00 -7.94E-05
num_a4            1.350E+02  8.100E+01    0.00E+00  0.00E+00  0.00E+00   -5.30E+01  0.00E+00 -1.05E+00
so4_c1            3.166E+00  4.236E+00    0.00E+00  1.07E+00  0.00E+00    0.00E+00  0.00E+00  0.00E+00
num_c1            4.031E-02  4.031E-02    0.00E+00  0.00E+00  0.00E+00    0.00E+00  0.00E+00  0.00E+00
sox_tot           7.996E+00  7.989E+00   -7.17E-03
nhx_tot           0.000E+00  0.000E+00    0.00E+00

i, k, told, tnew (h)    4    4     1.000     1.500
spec              qold       qnew         del-gas   del-cloud del-rena    del-cond  del-nuc   del-coag
H2SO4             5.529E-07  2.859E-07    3.59E-02 -2.15E-02  0.00E+00   -1.15E-02 -2.86E-03  0.00E+00
SO2               6.000E+00  4.648E+00   -3.59E-02 -1.32E+00  0.00E+00    0.00E+00  0.00E+00  0.00E+00
so4_a1            1.003E-02  1.209E-02    0.00E+00  0.00E+00  0.00E+00    1.98E-03  0.00E+00  8.65E-05
pom_a1            2.174E-01  2.545E-01    0.00E+00  0.00E+00  0.00E+00    3.52E-02  0.00E+00  1.84E-03
bc_a1             2.416E-02  2.827E-02    0.00E+00  0.00E+00  0.00E+00    3.91E-03  0.00E+00  2.04E-04
num_a1            3.195E+02  3.738E+02    0.00E+00  0.00E+00  0.00E+00    5.18E+01  0.00E+00  2.47E+00
so4_a2            3.244E-02  4.473E-02    0.00E+00  0.00E+00  0.00E+00    9.52E-03  2.86E-03 -8.65E-05
num_a2            3.428E+04  3.740E+04    0.00E+00  0.00E+00  0.00E+00    0.00E+00  5.29E+03 -2.17E+03
pom_a4            1.223E-01  8.527E-02    0.00E+00  0.00E+00  0.00E+00   -3.52E-02  0.00E+00 -1.84E-03
bc_a4             1.359E-02  9.474E-03    0.00E+00  0.00E+00  0.00E+00   -3.91E-03  0.00E+00 -2.04E-04
num_a4            1.800E+02  1.255E+02    0.00E+00  0.00E+00  0.00E+00   -5.18E+01  0.00E+00 -2.72E+00
so4_c1            3.957E+00  5.295E+00    0.00E+00  1.34E+00  0.00E+00    0.00E+00  0.00E+00  0.00E+00
num_c1            5.038E-02  5.038E-02    0.00E+00  0.00E+00  0.00E+00    0.00E+00  0.00E+00  0.00E+00
sox_tot           1.000E+01  1.000E+01   -5.53E-07
nhx_tot           0.000E+00  0.000E+00    0.00E+00
