
k, zm, pmid, tc, pblh, cld, relhum, qv, so2, accum num & so4, aitken num & so4 icol=1

   1  7.50E+00  3.00E+02 -3.39E+01  1.10E+00  6.00E-01  8.00E-01  4.17E-01  1.77E-01  0.00E+00  0.00E+00  0.00E+00  0.00E+00

   2  4.50E+00  5.50E+02 -1.44E+01  1.10E+00  6.00E-01  8.40E-01  1.73E+00  2.65E-01  0.00E+00  0.00E+00  0.00E+00  0.00E+00

   3  2.00E+00  8.00E+02  1.84E+00  1.10E+00  6.00E-01  8.80E-01  4.79E+00  3.54E-01  0.00E+00  0.00E+00  0.00E+00  0.00E+00

   4  5.00E-01  9.50E+02  1.16E+01  1.10E+00  6.00E-01  9.60E-01  8.63E+00  4.42E-01  0.00E+00  0.00E+00  0.00E+00  0.00E+00

cambox_do_run doing calcsize, istep=       1
calcsize tend = 0 for all species
k, accum num, so4, dgncur_a, same for aitken  (#/mg,  ug/kg,  nm)
   1    0.0000E+00  0.0000E+00  1.1000E+02    0.0000E+00  0.0000E+00  2.6000E+01
   2    0.0000E+00  0.0000E+00  1.1000E+02    0.0000E+00  0.0000E+00  2.6000E+01
   3    0.0000E+00  0.0000E+00  1.1000E+02    0.0000E+00  0.0000E+00  2.6000E+01
   4    0.0000E+00  0.0000E+00  1.1000E+02    0.0000E+00  0.0000E+00  2.6000E+01

cambox_do_run doing wateruptake, istep=       1
watruptk tend = 0 for all species
k, accum num, so4, watr, dgncur_a, dgncur_awet, wetdens  (#/mg,  ug/kg,  nm)
   1    0.0000E+00  0.0000E+00  0.0000E+00    1.1000E+02  1.1000E+02  1.0000E-03
   2    0.0000E+00  0.0000E+00  0.0000E+00    1.1000E+02  1.1240E+02  6.3671E-02
   3    0.0000E+00  0.0000E+00  0.0000E+00    1.1000E+02  1.4044E+02  5.1992E-01
   4    0.0000E+00  0.0000E+00  0.0000E+00    1.1000E+02  1.9472E+02  8.1990E-01
k, aitken num, so4, watr, dgncur_a, dgncur_awet, wetdens  (#/mg,  ug/kg,  nm)
   1    0.0000E+00  0.0000E+00  0.0000E+00    2.6000E+01  2.6000E+01  1.0000E-03
   2    0.0000E+00  0.0000E+00  0.0000E+00    2.6000E+01  2.6541E+01  6.0818E-02
   3    0.0000E+00  0.0000E+00  0.0000E+00    2.6000E+01  3.2602E+01  4.9330E-01
   4    0.0000E+00  0.0000E+00  0.0000E+00    2.6000E+01  4.2954E+01  7.7845E-01

cambox_do_run doing gaschem simple, istep=       1
k, old & new so2, old & new h2so4  (ppbv)
   1    8.0000E-02  7.9521E-02    0.0000E+00  4.7856E-04
   2    1.2000E-01  1.1928E-01    0.0000E+00  7.1784E-04
   3    1.6000E-01  1.5904E-01    0.0000E+00  9.5713E-04
   4    2.0000E-01  1.9880E-01    0.0000E+00  1.1964E-03

cambox_do_run doing cloudchem simple, istep=       1
k, old & new so2, ... h2so4, ... so4_c1, ... so4_c2  (ppbv)
   1    7.9521E-02  6.1969E-02    4.7856E-04  1.9143E-04    0.0000E+00  1.7840E-02    0.0000E+00  0.0000E+00
   2    1.1928E-01  9.2953E-02    7.1784E-04  2.8714E-04    0.0000E+00  2.6760E-02    0.0000E+00  0.0000E+00
   3    1.5904E-01  1.2394E-01    9.5713E-04  3.8285E-04    0.0000E+00  3.5679E-02    0.0000E+00  0.0000E+00
   4    1.9880E-01  1.5492E-01    1.1964E-03  4.7856E-04    0.0000E+00  4.4599E-02    0.0000E+00  0.0000E+00

cambox_do_run doing gasaerexch, istep=       1
k, old & new h2so4, old & new so4_a1, old & new so4_a2  (ppbv)
   1    1.9143E-04  1.7848E-04    0.0000E+00  5.6912E-06    0.0000E+00  7.2521E-06
   2    2.8714E-04  2.5916E-04    0.0000E+00  2.7973E-05    0.0000E+00  0.0000E+00
   3    3.8285E-04  3.1029E-04    0.0000E+00  7.2560E-05    0.0000E+00  0.0000E+00
   4    4.7856E-04  3.4552E-08    0.0000E+00  1.3380E-04    0.0000E+00  3.4472E-04

cambox_do_run step done, istep=       1

i, k, told, tnew (h)    7    1     0.000     0.500
spec              qold       qnew         del-gas   del-cloud del-rena    del-cond  del-nuc   del-coag
H2SO4             0.000E+00  1.785E-04    4.79E-04 -2.87E-04  0.00E+00   -5.69E-06 -7.25E-06  0.00E+00
SO2               8.000E-02  6.197E-02   -4.79E-04 -1.76E-02  0.00E+00    0.00E+00  0.00E+00  0.00E+00
SOAG              4.000E-02  3.925E-02    0.00E+00  0.00E+00  0.00E+00   -7.49E-04  0.00E+00  0.00E+00
so4_a1            0.000E+00  5.691E-06    0.00E+00  0.00E+00  0.00E+00    5.69E-06  0.00E+00  2.41E-09
pom_a1            0.000E+00  2.700E-03    0.00E+00  0.00E+00  0.00E+00    2.70E-03  0.00E+00  1.48E-07
soa_a1            0.000E+00  7.498E-04    0.00E+00  0.00E+00  0.00E+00    7.50E-04  0.00E+00  0.00E+00
bc_a1             0.000E+00  3.000E-04    0.00E+00  0.00E+00  0.00E+00    3.00E-04  0.00E+00  1.64E-08
num_a1            0.000E+00  3.973E+00    0.00E+00  0.00E+00  0.00E+00    3.97E+00  0.00E+00  2.18E-04
so4_a2            0.000E+00  7.252E-06    0.00E+00  0.00E+00  0.00E+00    0.00E+00  7.25E-06 -2.41E-09
num_a2            0.000E+00  1.342E+01    0.00E+00  0.00E+00  0.00E+00    0.00E+00  1.34E+01 -7.77E-03
pom_a4            8.493E-02  8.223E-02    0.00E+00  0.00E+00  0.00E+00   -2.70E-03  0.00E+00 -1.48E-07
bc_a4             9.437E-03  9.137E-03    0.00E+00  0.00E+00  0.00E+00   -3.00E-04  0.00E+00 -1.64E-08
num_a4            1.250E+02  1.210E+02    0.00E+00  0.00E+00  0.00E+00   -3.97E+00  0.00E+00 -8.18E-03
so4_c1            0.000E+00  1.784E-02    0.00E+00  1.78E-02  0.00E+00    0.00E+00  0.00E+00  0.00E+00
sox_tot           8.000E-02  8.000E-02    0.00E+00
nhx_tot           0.000E+00  0.000E+00    0.00E+00
soa1_tot          4.000E-02  4.000E-02    6.87E-07

i, k, told, tnew (h)    7    2     0.000     0.500
spec              qold       qnew         del-gas   del-cloud del-rena    del-cond  del-nuc   del-coag
H2SO4             0.000E+00  2.592E-04    7.18E-04 -4.31E-04  0.00E+00   -2.80E-05  0.00E+00  0.00E+00
SO2               1.200E-01  9.295E-02   -7.18E-04 -2.63E-02  0.00E+00    0.00E+00  0.00E+00  0.00E+00
SOAG              6.000E-02  5.636E-02    0.00E+00  0.00E+00  0.00E+00   -3.64E-03  0.00E+00  0.00E+00
so4_a1            0.000E+00  2.797E-05    0.00E+00  0.00E+00  0.00E+00    2.80E-05  0.00E+00  0.00E+00
pom_a1            0.000E+00  1.315E-02    0.00E+00  0.00E+00  0.00E+00    1.32E-02  0.00E+00  0.00E+00
soa_a1            0.000E+00  3.648E-03    0.00E+00  0.00E+00  0.00E+00    3.65E-03  0.00E+00  0.00E+00
bc_a1             0.000E+00  1.461E-03    0.00E+00  0.00E+00  0.00E+00    1.46E-03  0.00E+00  0.00E+00
num_a1            0.000E+00  1.935E+01    0.00E+00  0.00E+00  0.00E+00    1.93E+01  0.00E+00  0.00E+00
pom_a4            1.699E-01  1.567E-01    0.00E+00  0.00E+00  0.00E+00   -1.32E-02  0.00E+00  0.00E+00
bc_a4             1.887E-02  1.741E-02    0.00E+00  0.00E+00  0.00E+00   -1.46E-03  0.00E+00  0.00E+00
num_a4            2.500E+02  2.306E+02    0.00E+00  0.00E+00  0.00E+00   -1.93E+01  0.00E+00 -4.33E-02
so4_c1            0.000E+00  2.676E-02    0.00E+00  2.68E-02  0.00E+00    0.00E+00  0.00E+00  0.00E+00
sox_tot           1.200E-01  1.200E-01    0.00E+00
nhx_tot           0.000E+00  0.000E+00    0.00E+00
soa1_tot          6.000E-02  6.000E-02    3.34E-06

i, k, told, tnew (h)    7    3     0.000     0.500
spec              qold       qnew         del-gas   del-cloud del-rena    del-cond  del-nuc   del-coag
H2SO4             0.000E+00  3.103E-04    9.57E-04 -5.74E-04  0.00E+00   -7.26E-05  0.00E+00  0.00E+00
SO2               1.600E-01  1.239E-01   -9.57E-04 -3.51E-02  0.00E+00    0.00E+00  0.00E+00  0.00E+00
SOAG              8.000E-02  7.161E-02    0.00E+00  0.00E+00  0.00E+00   -8.39E-03  0.00E+00  0.00E+00
so4_a1            0.000E+00  7.256E-05    0.00E+00  0.00E+00  0.00E+00    7.26E-05  0.00E+00  0.00E+00
pom_a1            0.000E+00  3.078E-02    0.00E+00  0.00E+00  0.00E+00    3.08E-02  0.00E+00  0.00E+00
soa_a1            0.000E+00  8.399E-03    0.00E+00  0.00E+00  0.00E+00    8.40E-03  0.00E+00  0.00E+00
bc_a1             0.000E+00  3.420E-03    0.00E+00  0.00E+00  0.00E+00    3.42E-03  0.00E+00  0.00E+00
num_a1            0.000E+00  4.527E+01    0.00E+00  0.00E+00  0.00E+00    4.53E+01  0.00E+00  0.00E+00
pom_a4            2.548E-01  2.240E-01    0.00E+00  0.00E+00  0.00E+00   -3.08E-02  0.00E+00  0.00E+00
bc_a4             2.831E-02  2.489E-02    0.00E+00  0.00E+00  0.00E+00   -3.42E-03  0.00E+00  0.00E+00
num_a4            3.750E+02  3.296E+02    0.00E+00  0.00E+00  0.00E+00   -4.53E+01  0.00E+00 -1.15E-01
so4_c1            0.000E+00  3.568E-02    0.00E+00  3.57E-02  0.00E+00    0.00E+00  0.00E+00  0.00E+00
sox_tot           1.600E-01  1.600E-01    2.58E-17
nhx_tot           0.000E+00  0.000E+00    0.00E+00
soa1_tot          8.000E-02  8.001E-02    7.69E-06

i, k, told, tnew (h)    7    4     0.000     0.500
spec              qold       qnew         del-gas   del-cloud del-rena    del-cond  del-nuc   del-coag
H2SO4             0.000E+00  3.455E-08    1.20E-03 -7.18E-04  0.00E+00   -1.33E-04 -3.45E-04  0.00E+00
SO2               2.000E-01  1.549E-01   -1.20E-03 -4.39E-02  0.00E+00    0.00E+00  0.00E+00  0.00E+00
SOAG              1.000E-01  9.466E-02    0.00E+00  0.00E+00  0.00E+00   -5.34E-03  0.00E+00  0.00E+00
so4_a1            0.000E+00  1.338E-04    0.00E+00  0.00E+00  0.00E+00    1.33E-04  0.00E+00  7.60E-07
pom_a1            0.000E+00  2.497E-02    0.00E+00  0.00E+00  0.00E+00    2.49E-02  0.00E+00  4.67E-05
soa_a1            0.000E+00  5.344E-03    0.00E+00  0.00E+00  0.00E+00    5.34E-03  0.00E+00  0.00E+00
bc_a1             0.000E+00  2.775E-03    0.00E+00  0.00E+00  0.00E+00    2.77E-03  0.00E+00  5.19E-06
num_a1            0.000E+00  3.672E+01    0.00E+00  0.00E+00  0.00E+00    3.66E+01  0.00E+00  6.87E-02
so4_a2            0.000E+00  3.447E-04    0.00E+00  0.00E+00  0.00E+00    0.00E+00  3.45E-04 -7.60E-07
num_a2            0.000E+00  6.353E+02    0.00E+00  0.00E+00  0.00E+00    0.00E+00  6.39E+02 -4.16E+00
pom_a4            3.397E-01  3.147E-01    0.00E+00  0.00E+00  0.00E+00   -2.49E-02  0.00E+00 -4.67E-05
bc_a4             3.775E-02  3.497E-02    0.00E+00  0.00E+00  0.00E+00   -2.77E-03  0.00E+00 -5.19E-06
num_a4            5.000E+02  4.631E+02    0.00E+00  0.00E+00  0.00E+00   -3.66E+01  0.00E+00 -2.88E-01
so4_c1            0.000E+00  4.460E-02    0.00E+00  4.46E-02  0.00E+00    0.00E+00  0.00E+00  0.00E+00
sox_tot           2.000E-01  2.000E-01    0.00E+00
nhx_tot           0.000E+00  0.000E+00    0.00E+00
soa1_tot          1.000E-01  1.000E-01    4.89E-06

cambox_do_run doing calcsize, istep=       2
calcsize tend > 0 for nspecies =      1
k, accum num, so4, dgncur_a, same for aitken  (#/mg,  ug/kg,  nm)
   1    3.9728E+00  2.2616E-05  5.3600E+01    1.3419E+01  2.8819E-05  9.5008E+00
   2    1.9347E+01  1.1116E-04  5.3601E+01    0.0000E+00  0.0000E+00  2.6000E+01
   3    4.5272E+01  2.8834E-04  5.3564E+01    0.0000E+00  0.0000E+00  2.6000E+01
   4    3.6715E+01  5.3172E-04  5.3001E+01    6.3526E+02  1.3699E-03  9.5137E+00

cambox_do_run doing wateruptake, istep=       2
watruptk tend = 0 for all species
k, accum num, so4, watr, dgncur_a, dgncur_awet, wetdens  (#/mg,  ug/kg,  nm)
   1    3.9728E+00  2.2616E-05  0.0000E+00    5.3600E+01  5.3600E+01  1.0403E+00
   2    1.9347E+01  1.1116E-04  3.8717E-05    5.3601E+01  5.3695E+01  1.0401E+00
   3    4.5272E+01  2.8834E-04  1.4247E-03    5.3564E+01  5.5000E+01  1.0380E+00
   4    3.6715E+01  5.3172E-04  4.3944E-03    5.3001E+01  5.8204E+01  1.0393E+00
k, aitken num, so4, watr, dgncur_a, dgncur_awet, wetdens  (#/mg,  ug/kg,  nm)
   1    1.3419E+01  2.8819E-05  0.0000E+00    9.5008E+00  9.5008E+00  1.7700E+00
   2    0.0000E+00  0.0000E+00  0.0000E+00    2.6000E+01  2.6541E+01  6.0818E-02
   3    0.0000E+00  0.0000E+00  0.0000E+00    2.6000E+01  3.2602E+01  4.9330E-01
   4    6.3526E+02  1.3699E-03  1.7255E-03    9.5137E+00  1.4062E+01  1.2384E+00

cambox_do_run doing gaschem simple, istep=       2
k, old & new so2, old & new h2so4  (ppbv)
   1    6.1969E-02  6.1598E-02    1.7848E-04  3.7070E-04
   2    9.2953E-02  9.2397E-02    2.5916E-04  5.5605E-04
   3    1.2394E-01  1.2320E-01    3.1029E-04  7.4140E-04
   4    1.5492E-01  1.5400E-01    3.4552E-08  9.2675E-04

cambox_do_run doing cloudchem simple, istep=       2
k, old & new so2, ... h2so4, ... so4_c1, ... so4_c2  (ppbv)
   1    6.1598E-02  4.8002E-02    3.7070E-04  1.4828E-04    1.7840E-02  3.1659E-02    0.0000E+00  0.0000E+00
   2    9.2397E-02  7.2003E-02    5.5605E-04  2.2242E-04    2.6760E-02  4.7488E-02    0.0000E+00  0.0000E+00
   3    1.2320E-01  9.6003E-02    7.4140E-04  2.9656E-04    3.5679E-02  6.3317E-02    0.0000E+00  0.0000E+00
   4    1.5400E-01  1.2000E-01    9.2675E-04  3.7070E-04    4.4599E-02  7.9146E-02    0.0000E+00  0.0000E+00

cambox_do_run doing gasaerexch, istep=       2
k, old & new h2so4, old & new so4_a1, old & new so4_a2  (ppbv)
   1    1.4828E-04  1.2611E-04    5.6912E-06  1.2196E-05    7.2521E-06  2.2920E-05
   2    2.2242E-04  1.9128E-04    2.7973E-05  5.9110E-05    0.0000E+00  0.0000E+00
   3    2.9656E-04  2.1962E-04    7.2560E-05  1.4950E-04    0.0000E+00  0.0000E+00
   4    3.7070E-04  2.6102E-08    1.3380E-04  2.3767E-04    3.4472E-04  6.1154E-04

cambox_do_run step done, istep=       2

i, k, told, tnew (h)    7    1     0.500     1.000
spec              qold       qnew         del-gas   del-cloud del-rena    del-cond  del-nuc   del-coag
H2SO4             1.785E-04  1.261E-04    1.92E-04 -2.22E-04  0.00E+00   -6.51E-06 -1.57E-05  0.00E+00
SO2               6.197E-02  4.800E-02   -3.71E-04 -1.36E-02  0.00E+00    0.00E+00  0.00E+00  0.00E+00
SOAG              3.925E-02  3.851E-02    0.00E+00  0.00E+00  0.00E+00   -7.38E-04  0.00E+00  0.00E+00
so4_a1            5.691E-06  1.220E-05    0.00E+00  0.00E+00  0.00E+00    6.49E-06  0.00E+00  1.39E-08
pom_a1            2.700E-03  5.319E-03    0.00E+00  0.00E+00  0.00E+00    2.62E-03  0.00E+00  1.37E-06
soa_a1            7.498E-04  1.486E-03    0.00E+00  0.00E+00  0.00E+00    7.36E-04  0.00E+00  1.54E-09
bc_a1             3.000E-04  5.910E-04    0.00E+00  0.00E+00  0.00E+00    2.91E-04  0.00E+00  1.52E-07
num_a1            3.973E+00  7.827E+00    0.00E+00  0.00E+00  0.00E+00    3.85E+00  0.00E+00  1.21E-03
so4_a2            7.252E-06  2.292E-05    0.00E+00  0.00E+00  0.00E+00    1.82E-08  1.57E-05 -1.39E-08
soa_a2            0.000E+00  2.059E-06    0.00E+00  0.00E+00  0.00E+00    2.06E-06  0.00E+00 -1.54E-09
num_a2            1.342E+01  4.234E+01    0.00E+00  0.00E+00  0.00E+00    0.00E+00  2.90E+01 -6.50E-02
pom_a4            8.223E-02  7.961E-02    0.00E+00  0.00E+00  0.00E+00   -2.62E-03  0.00E+00 -1.37E-06
bc_a4             9.137E-03  8.846E-03    0.00E+00  0.00E+00  0.00E+00   -2.91E-04  0.00E+00 -1.52E-07
num_a4            1.210E+02  1.172E+02    0.00E+00  0.00E+00  0.00E+00   -3.85E+00  0.00E+00 -9.25E-03
so4_c1            1.784E-02  3.166E-02    0.00E+00  1.38E-02  0.00E+00    0.00E+00  0.00E+00  0.00E+00
num_c1            1.464E-04  1.464E-04    0.00E+00  0.00E+00  0.00E+00    0.00E+00  0.00E+00  0.00E+00
sox_tot           8.000E-02  7.982E-02   -1.78E-04
nhx_tot           0.000E+00  0.000E+00    0.00E+00
soa1_tot          4.000E-02  4.000E-02    6.76E-07

i, k, told, tnew (h)    7    2     0.500     1.000
spec              qold       qnew         del-gas   del-cloud del-rena    del-cond  del-nuc   del-coag
H2SO4             2.592E-04  1.913E-04    2.97E-04 -3.34E-04  0.00E+00   -3.11E-05  0.00E+00  0.00E+00
SO2               9.295E-02  7.200E-02   -5.56E-04 -2.04E-02  0.00E+00    0.00E+00  0.00E+00  0.00E+00
SOAG              5.636E-02  5.293E-02    0.00E+00  0.00E+00  0.00E+00   -3.43E-03  0.00E+00  0.00E+00
so4_a1            2.797E-05  5.911E-05    0.00E+00  0.00E+00  0.00E+00    3.11E-05  0.00E+00  0.00E+00
pom_a1            1.315E-02  2.482E-02    0.00E+00  0.00E+00  0.00E+00    1.17E-02  0.00E+00  6.45E-06
soa_a1            3.648E-03  7.079E-03    0.00E+00  0.00E+00  0.00E+00    3.43E-03  0.00E+00  0.00E+00
bc_a1             1.461E-03  2.758E-03    0.00E+00  0.00E+00  0.00E+00    1.30E-03  0.00E+00  7.16E-07
num_a1            1.935E+01  3.651E+01    0.00E+00  0.00E+00  0.00E+00    1.72E+01  0.00E+00 -3.35E-04
pom_a4            1.567E-01  1.450E-01    0.00E+00  0.00E+00  0.00E+00   -1.17E-02  0.00E+00 -6.45E-06
bc_a4             1.741E-02  1.612E-02    0.00E+00  0.00E+00  0.00E+00   -1.30E-03  0.00E+00 -7.16E-07
num_a4            2.306E+02  2.134E+02    0.00E+00  0.00E+00  0.00E+00   -1.72E+01  0.00E+00 -4.39E-02
so4_c1            2.676E-02  4.749E-02    0.00E+00  2.07E-02  0.00E+00    0.00E+00  0.00E+00  0.00E+00
num_c1            2.196E-04  2.196E-04    0.00E+00  0.00E+00  0.00E+00    0.00E+00  0.00E+00  0.00E+00
sox_tot           1.200E-01  1.197E-01   -2.59E-04
nhx_tot           0.000E+00  0.000E+00    0.00E+00
soa1_tot          6.000E-02  6.001E-02    3.14E-06

i, k, told, tnew (h)    7    3     0.500     1.000
spec              qold       qnew         del-gas   del-cloud del-rena    del-cond  del-nuc   del-coag
H2SO4             3.103E-04  2.196E-04    4.31E-04 -4.45E-04  0.00E+00   -7.69E-05  0.00E+00  0.00E+00
SO2               1.239E-01  9.600E-02   -7.41E-04 -2.72E-02  0.00E+00    0.00E+00  0.00E+00  0.00E+00
SOAG              7.161E-02  6.413E-02    0.00E+00  0.00E+00  0.00E+00   -7.48E-03  0.00E+00  0.00E+00
so4_a1            7.256E-05  1.495E-04    0.00E+00  0.00E+00  0.00E+00    7.69E-05  0.00E+00  0.00E+00
pom_a1            3.078E-02  5.534E-02    0.00E+00  0.00E+00  0.00E+00    2.45E-02  0.00E+00  2.43E-05
soa_a1            8.399E-03  1.588E-02    0.00E+00  0.00E+00  0.00E+00    7.49E-03  0.00E+00  0.00E+00
bc_a1             3.420E-03  6.149E-03    0.00E+00  0.00E+00  0.00E+00    2.73E-03  0.00E+00  2.70E-06
num_a1            4.527E+01  8.135E+01    0.00E+00  0.00E+00  0.00E+00    3.61E+01  0.00E+00 -2.16E-03
pom_a4            2.240E-01  1.994E-01    0.00E+00  0.00E+00  0.00E+00   -2.45E-02  0.00E+00 -2.43E-05
bc_a4             2.489E-02  2.216E-02    0.00E+00  0.00E+00  0.00E+00   -2.73E-03  0.00E+00 -2.70E-06
num_a4            3.296E+02  2.934E+02    0.00E+00  0.00E+00  0.00E+00   -3.61E+01  0.00E+00 -1.17E-01
so4_c1            3.568E-02  6.332E-02    0.00E+00  2.76E-02  0.00E+00    0.00E+00  0.00E+00  0.00E+00
num_c1            2.927E-04  2.927E-04    0.00E+00  0.00E+00  0.00E+00    0.00E+00  0.00E+00  0.00E+00
sox_tot           1.600E-01  1.597E-01   -3.10E-04
nhx_tot           0.000E+00  0.000E+00    0.00E+00
soa1_tot          8.001E-02  8.001E-02    6.86E-06

i, k, told, tnew (h)    7    4     0.500     1.000
spec              qold       qnew         del-gas   del-cloud del-rena    del-cond  del-nuc   del-coag
H2SO4             3.455E-08  2.610E-08    9.27E-04 -5.56E-04  0.00E+00   -1.10E-04 -2.61E-04  0.00E+00
SO2               1.549E-01  1.200E-01   -9.27E-04 -3.40E-02  0.00E+00    0.00E+00  0.00E+00  0.00E+00
SOAG              9.466E-02  8.971E-02    0.00E+00  0.00E+00  0.00E+00   -4.95E-03  0.00E+00  0.00E+00
so4_a1            1.338E-04  2.377E-04    0.00E+00  0.00E+00  0.00E+00    1.02E-04  0.00E+00  1.57E-06
pom_a1            2.497E-02  4.332E-02    0.00E+00  0.00E+00  0.00E+00    1.82E-02  0.00E+00  1.21E-04
soa_a1            5.344E-03  9.986E-03    0.00E+00  0.00E+00  0.00E+00    4.64E-03  0.00E+00  1.21E-06
bc_a1             2.775E-03  4.813E-03    0.00E+00  0.00E+00  0.00E+00    2.02E-03  0.00E+00  1.34E-05
num_a1            3.671E+01  6.363E+01    0.00E+00  0.00E+00  0.00E+00    2.68E+01  0.00E+00  1.35E-01
so4_a2            3.447E-04  6.115E-04    0.00E+00  0.00E+00  0.00E+00    7.40E-06  2.61E-04 -1.57E-06
soa_a2            0.000E+00  3.118E-04    0.00E+00  0.00E+00  0.00E+00    3.13E-04  0.00E+00 -1.21E-06
num_a2            6.353E+02  1.108E+03    0.00E+00  0.00E+00  0.00E+00    0.00E+00  4.83E+02 -1.01E+01
pom_a4            3.147E-01  2.964E-01    0.00E+00  0.00E+00  0.00E+00   -1.82E-02  0.00E+00 -1.21E-04
bc_a4             3.497E-02  3.293E-02    0.00E+00  0.00E+00  0.00E+00   -2.02E-03  0.00E+00 -1.34E-05
num_a4            4.631E+02  4.359E+02    0.00E+00  0.00E+00  0.00E+00   -2.68E+01  0.00E+00 -3.58E-01
so4_c1            4.460E-02  7.915E-02    0.00E+00  3.45E-02  0.00E+00    0.00E+00  0.00E+00  0.00E+00
num_c1            3.659E-04  3.659E-04    0.00E+00  0.00E+00  0.00E+00    0.00E+00  0.00E+00  0.00E+00
sox_tot           2.000E-01  2.000E-01   -3.46E-08
nhx_tot           0.000E+00  0.000E+00    0.00E+00
soa1_tot          1.000E-01  1.000E-01    4.54E-06

cambox_do_run doing calcsize, istep=       3
calcsize tend > 0 for nspecies =      1
k, accum num, so4, dgncur_a, same for aitken  (#/mg,  ug/kg,  nm)
   1    7.8264E+00  4.8464E-05  5.3638E+01    4.2344E+01  9.1082E-05  9.5580E+00
   2    3.6506E+01  2.3490E-04  5.3728E+01    0.0000E+00  0.0000E+00  2.6000E+01
   3    8.1351E+01  5.9410E-04  5.3784E+01    0.0000E+00  0.0000E+00  2.6000E+01
   4    6.3631E+01  9.4446E-04  5.3247E+01    1.1082E+03  2.4302E-03  9.8584E+00

cambox_do_run doing wateruptake, istep=       3
watruptk tend = 0 for all species
k, accum num, so4, watr, dgncur_a, dgncur_awet, wetdens  (#/mg,  ug/kg,  nm)
   1    7.8264E+00  4.8464E-05  0.0000E+00    5.3638E+01  5.3638E+01  1.0408E+00
   2    3.6506E+01  2.3490E-04  7.5477E-05    5.3728E+01  5.3824E+01  1.0406E+00
   3    8.1351E+01  5.9410E-04  2.6996E-03    5.3784E+01  5.5285E+01  1.0384E+00
   4    6.3631E+01  9.4446E-04  8.0060E-03    5.3247E+01  5.8648E+01  1.0387E+00
k, aitken num, so4, watr, dgncur_a, dgncur_awet, wetdens  (#/mg,  ug/kg,  nm)
   1    4.2344E+01  9.1082E-05  0.0000E+00    9.5580E+00  9.5580E+00  1.7574E+00
   2    0.0000E+00  0.0000E+00  0.0000E+00    2.6000E+01  2.6541E+01  6.0818E-02
   3    0.0000E+00  0.0000E+00  0.0000E+00    2.6000E+01  3.2602E+01  4.9330E-01
   4    1.1082E+03  2.4302E-03  3.1812E-03    9.8584E+00  1.4402E+01  1.2257E+00

cambox_do_run doing gaschem simple, istep=       3
k, old & new so2, old & new h2so4  (ppbv)
   1    4.8002E-02  4.7715E-02    1.2611E-04  2.8715E-04
   2    7.2003E-02  7.1572E-02    1.9128E-04  4.3072E-04
   3    9.6003E-02  9.5429E-02    2.1962E-04  5.7430E-04
   4    1.2000E-01  1.1929E-01    2.6102E-08  7.1787E-04

cambox_do_run doing cloudchem simple, istep=       3
k, old & new so2, ... h2so4, ... so4_c1, ... so4_c2  (ppbv)
   1    4.7715E-02  3.7183E-02    2.8715E-04  1.1486E-04    3.1659E-02  4.2363E-02    0.0000E+00  0.0000E+00
   2    7.1572E-02  5.5774E-02    4.3072E-04  1.7229E-04    4.7488E-02  6.3544E-02    0.0000E+00  0.0000E+00
   3    9.5429E-02  7.4365E-02    5.7430E-04  2.2972E-04    6.3317E-02  8.4726E-02    0.0000E+00  0.0000E+00
   4    1.1929E-01  9.2957E-02    7.1787E-04  2.8715E-04    7.9146E-02  1.0591E-01    0.0000E+00  0.0000E+00

cambox_do_run doing gasaerexch, istep=       3
k, old & new h2so4, old & new so4_a1, old & new so4_a2  (ppbv)
   1    1.1486E-04  1.0706E-04    1.2196E-05  1.7094E-05    2.2920E-05  2.5823E-05
   2    1.7229E-04  1.4847E-04    5.9110E-05  8.2932E-05    0.0000E+00  0.0000E+00
   3    2.2972E-04  1.7115E-04    1.4950E-04  2.0807E-04    0.0000E+00  0.0000E+00
   4    2.8715E-04  1.9801E-08    2.3767E-04  3.1820E-04    6.1154E-04  8.1813E-04

cambox_do_run step done, istep=       3

i, k, told, tnew (h)    7    1     1.000     1.500
spec              qold       qnew         del-gas   del-cloud del-rena    del-cond  del-nuc   del-coag
H2SO4             1.261E-04  1.071E-04    1.61E-04 -1.72E-04  0.00E+00   -4.93E-06 -2.87E-06  0.00E+00
SO2               4.800E-02  3.718E-02   -2.87E-04 -1.05E-02  0.00E+00    0.00E+00  0.00E+00  0.00E+00
SOAG              3.851E-02  3.778E-02    0.00E+00  0.00E+00  0.00E+00   -7.29E-04  0.00E+00  0.00E+00
so4_a1            1.220E-05  1.709E-05    0.00E+00  0.00E+00  0.00E+00    4.89E-06  0.00E+00  9.01E-09
pom_a1            5.319E-03  7.722E-03    0.00E+00  0.00E+00  0.00E+00    2.40E-03  0.00E+00  1.56E-06
soa_a1            1.486E-03  2.209E-03    0.00E+00  0.00E+00  0.00E+00    7.23E-04  0.00E+00  5.43E-09
bc_a1             5.910E-04  8.580E-04    0.00E+00  0.00E+00  0.00E+00    2.67E-04  0.00E+00  1.73E-07
num_a1            7.826E+00  1.136E+01    0.00E+00  0.00E+00  0.00E+00    3.53E+00  0.00E+00  7.46E-04
so4_a2            2.292E-05  2.582E-05    0.00E+00  0.00E+00  0.00E+00    4.37E-08  2.87E-06 -9.01E-09
soa_a2            2.059E-06  8.508E-06    0.00E+00  0.00E+00  0.00E+00    6.45E-06  0.00E+00 -5.43E-09
num_a2            4.234E+01  4.761E+01    0.00E+00  0.00E+00  0.00E+00    0.00E+00  5.31E+00 -4.14E-02
pom_a4            7.961E-02  7.721E-02    0.00E+00  0.00E+00  0.00E+00   -2.40E-03  0.00E+00 -1.56E-06
bc_a4             8.846E-03  8.579E-03    0.00E+00  0.00E+00  0.00E+00   -2.67E-04  0.00E+00 -1.73E-07
num_a4            1.172E+02  1.136E+02    0.00E+00  0.00E+00  0.00E+00   -3.53E+00  0.00E+00 -8.84E-03
so4_c1            3.166E-02  4.236E-02    0.00E+00  1.07E-02  0.00E+00    0.00E+00  0.00E+00  0.00E+00
num_c1            4.031E-04  4.031E-04    0.00E+00  0.00E+00  0.00E+00    0.00E+00  0.00E+00  0.00E+00
sox_tot           7.982E-02  7.970E-02   -1.26E-04
nhx_tot           0.000E+00  0.000E+00    0.00E+00
soa1_tot          4.000E-02  4.000E-02    6.68E-07

i, k, told, tnew (h)    7    2     1.000     1.500
spec              qold       qnew         del-gas   del-cloud del-rena    del-cond  del-nuc   del-coag
H2SO4             1.913E-04  1.485E-04    2.39E-04 -2.58E-04  0.00E+00   -2.38E-05  0.00E+00  0.00E+00
SO2               7.200E-02  5.577E-02   -4.31E-04 -1.58E-02  0.00E+00    0.00E+00  0.00E+00  0.00E+00
SOAG              5.293E-02  4.970E-02    0.00E+00  0.00E+00  0.00E+00   -3.23E-03  0.00E+00  0.00E+00
so4_a1            5.911E-05  8.293E-05    0.00E+00  0.00E+00  0.00E+00    2.38E-05  0.00E+00 -2.52E-21
pom_a1            2.482E-02  3.468E-02    0.00E+00  0.00E+00  0.00E+00    9.85E-03  0.00E+00  1.12E-05
soa_a1            7.079E-03  1.031E-02    0.00E+00  0.00E+00  0.00E+00    3.23E-03  0.00E+00  0.00E+00
bc_a1             2.758E-03  3.854E-03    0.00E+00  0.00E+00  0.00E+00    1.09E-03  0.00E+00  1.25E-06
num_a1            3.651E+01  5.099E+01    0.00E+00  0.00E+00  0.00E+00    1.45E+01  0.00E+00 -1.19E-03
pom_a4            1.450E-01  1.352E-01    0.00E+00  0.00E+00  0.00E+00   -9.85E-03  0.00E+00 -1.12E-05
bc_a4             1.612E-02  1.502E-02    0.00E+00  0.00E+00  0.00E+00   -1.09E-03  0.00E+00 -1.25E-06
num_a4            2.134E+02  1.989E+02    0.00E+00  0.00E+00  0.00E+00   -1.45E+01  0.00E+00 -4.39E-02
so4_c1            4.749E-02  6.354E-02    0.00E+00  1.61E-02  0.00E+00    0.00E+00  0.00E+00  0.00E+00
num_c1            6.046E-04  6.046E-04    0.00E+00  0.00E+00  0.00E+00    0.00E+00  0.00E+00  0.00E+00
sox_tot           1.197E-01  1.195E-01   -1.91E-04
nhx_tot           0.000E+00  0.000E+00    0.00E+00
soa1_tot          6.001E-02  6.001E-02    2.96E-06

i, k, told, tnew (h)    7    3     1.000     1.500
spec              qold       qnew         del-gas   del-cloud del-rena    del-cond  del-nuc   del-coag
H2SO4             2.196E-04  1.711E-04    3.55E-04 -3.45E-04  0.00E+00   -5.86E-05  0.00E+00  0.00E+00
SO2               9.600E-02  7.437E-02   -5.74E-04 -2.11E-02  0.00E+00    0.00E+00  0.00E+00  0.00E+00
SOAG              6.413E-02  5.747E-02    0.00E+00  0.00E+00  0.00E+00   -6.66E-03  0.00E+00  0.00E+00
so4_a1            1.495E-04  2.081E-04    0.00E+00  0.00E+00  0.00E+00    5.86E-05  0.00E+00 -1.01E-20
pom_a1            5.534E-02  7.416E-02    0.00E+00  0.00E+00  0.00E+00    1.88E-02  0.00E+00  3.86E-05
soa_a1            1.588E-02  2.255E-02    0.00E+00  0.00E+00  0.00E+00    6.67E-03  0.00E+00  0.00E+00
bc_a1             6.149E-03  8.240E-03    0.00E+00  0.00E+00  0.00E+00    2.09E-03  0.00E+00  4.29E-06
num_a1            8.135E+01  1.090E+02    0.00E+00  0.00E+00  0.00E+00    2.76E+01  0.00E+00 -6.95E-03
pom_a4            1.994E-01  1.806E-01    0.00E+00  0.00E+00  0.00E+00   -1.88E-02  0.00E+00 -3.86E-05
bc_a4             2.216E-02  2.007E-02    0.00E+00  0.00E+00  0.00E+00   -2.09E-03  0.00E+00 -4.29E-06
num_a4            2.934E+02  2.657E+02    0.00E+00  0.00E+00  0.00E+00   -2.76E+01  0.00E+00 -1.15E-01
so4_c1            6.332E-02  8.473E-02    0.00E+00  2.14E-02  0.00E+00    0.00E+00  0.00E+00  0.00E+00
num_c1            8.062E-04  8.062E-04    0.00E+00  0.00E+00  0.00E+00    0.00E+00  0.00E+00  0.00E+00
sox_tot           1.597E-01  1.595E-01   -2.20E-04
nhx_tot           0.000E+00  0.000E+00    0.00E+00
soa1_tot          8.001E-02  8.002E-02    6.11E-06

i, k, told, tnew (h)    7    4     1.000     1.500
spec              qold       qnew         del-gas   del-cloud del-rena    del-cond  del-nuc   del-coag
H2SO4             2.610E-08  1.980E-08    7.18E-04 -4.31E-04  0.00E+00   -8.91E-05 -1.98E-04  0.00E+00
SO2               1.200E-01  9.296E-02   -7.18E-04 -2.63E-02  0.00E+00    0.00E+00  0.00E+00  0.00E+00
SOAG              8.971E-02  8.532E-02    0.00E+00  0.00E+00  0.00E+00   -4.40E-03  0.00E+00  0.00E+00
so4_a1            2.377E-04  3.182E-04    0.00E+00  0.00E+00  0.00E+00    7.88E-05  0.00E+00  1.72E-06
pom_a1            4.332E-02  5.706E-02    0.00E+00  0.00E+00  0.00E+00    1.36E-02  0.00E+00  1.42E-04
soa_a1            9.986E-03  1.401E-02    0.00E+00  0.00E+00  0.00E+00    4.03E-03  0.00E+00  1.89E-06
bc_a1             4.813E-03  6.340E-03    0.00E+00  0.00E+00  0.00E+00    1.51E-03  0.00E+00  1.57E-05
num_a1            6.363E+01  8.376E+01    0.00E+00  0.00E+00  0.00E+00    2.00E+01  0.00E+00  1.37E-01
so4_a2            6.115E-04  8.181E-04    0.00E+00  0.00E+00  0.00E+00    1.03E-05  1.98E-04 -1.72E-06
soa_a2            3.118E-04  6.831E-04    0.00E+00  0.00E+00  0.00E+00    3.73E-04  0.00E+00 -1.89E-06
num_a2            1.108E+03  1.463E+03    0.00E+00  0.00E+00  0.00E+00    0.00E+00  3.66E+02 -1.13E+01
pom_a4            2.964E-01  2.827E-01    0.00E+00  0.00E+00  0.00E+00   -1.36E-02  0.00E+00 -1.42E-04
bc_a4             3.293E-02  3.141E-02    0.00E+00  0.00E+00  0.00E+00   -1.51E-03  0.00E+00 -1.57E-05
num_a4            4.359E+02  4.156E+02    0.00E+00  0.00E+00  0.00E+00   -2.00E+01  0.00E+00 -3.63E-01
so4_c1            7.915E-02  1.059E-01    0.00E+00  2.68E-02  0.00E+00    0.00E+00  0.00E+00  0.00E+00
num_c1            1.008E-03  1.008E-03    0.00E+00  0.00E+00  0.00E+00    0.00E+00  0.00E+00  0.00E+00
sox_tot           2.000E-01  2.000E-01   -2.61E-08
nhx_tot           0.000E+00  0.000E+00    0.00E+00
soa1_tot          1.000E-01  1.000E-01    4.03E-06
