
k, zm, pmid, tc, pblh, cld, relhum, qv, so2, accum num & so4, aitken num & so4 icol=1

   1  7.50E+00  3.00E+02 -3.39E+01  1.10E+00  6.00E-01  8.00E-01  4.17E-01  1.77E-01  0.00E+00  0.00E+00  0.00E+00  0.00E+00

   2  4.50E+00  5.50E+02 -1.44E+01  1.10E+00  6.00E-01  8.40E-01  1.73E+00  2.65E-01  0.00E+00  0.00E+00  0.00E+00  0.00E+00

   3  2.00E+00  8.00E+02  1.84E+00  1.10E+00  6.00E-01  8.80E-01  4.79E+00  3.54E-01  0.00E+00  0.00E+00  0.00E+00  0.00E+00

   4  5.00E-01  9.50E+02  1.16E+01  1.10E+00  6.00E-01  9.60E-01  8.63E+00  4.42E-01  0.00E+00  0.00E+00  0.00E+00  0.00E+00

cambox_do_run doing calcsize, istep=       1
calcsize tend = 0 for all species
k, accum num, so4, dgncur_a, same for aitken  (#/mg,  ug/kg,  nm)
   1    0.0000E+00  0.0000E+00  1.1000E+02    0.0000E+00  0.0000E+00  2.6000E+01
   2    0.0000E+00  0.0000E+00  1.1000E+02    0.0000E+00  0.0000E+00  2.6000E+01
   3    0.0000E+00  0.0000E+00  1.1000E+02    0.0000E+00  0.0000E+00  2.6000E+01
   4    0.0000E+00  0.0000E+00  1.1000E+02    0.0000E+00  0.0000E+00  2.6000E+01

cambox_do_run doing wateruptake, istep=       1
watruptk tend = 0 for all species
k, accum num, so4, watr, dgncur_a, dgncur_awet, wetdens  (#/mg,  ug/kg,  nm)
   1    0.0000E+00  0.0000E+00  0.0000E+00    1.1000E+02  1.1000E+02  1.0000E-03
   2    0.0000E+00  0.0000E+00  0.0000E+00    1.1000E+02  1.1240E+02  6.3671E-02
   3    0.0000E+00  0.0000E+00  0.0000E+00    1.1000E+02  1.4044E+02  5.1992E-01
   4    0.0000E+00  0.0000E+00  0.0000E+00    1.1000E+02  1.9472E+02  8.1990E-01
k, aitken num, so4, watr, dgncur_a, dgncur_awet, wetdens  (#/mg,  ug/kg,  nm)
   1    0.0000E+00  0.0000E+00  0.0000E+00    2.6000E+01  2.6000E+01  1.0000E-03
   2    0.0000E+00  0.0000E+00  0.0000E+00    2.6000E+01  2.6541E+01  6.0818E-02
   3    0.0000E+00  0.0000E+00  0.0000E+00    2.6000E+01  3.2602E+01  4.9330E-01
   4    0.0000E+00  0.0000E+00  0.0000E+00    2.6000E+01  4.2954E+01  7.7845E-01

cambox_do_run doing gaschem simple, istep=       1
k, old & new so2, old & new h2so4  (ppbv)
   1    8.0000E-02  7.9521E-02    0.0000E+00  4.7856E-04
   2    1.2000E-01  1.1928E-01    0.0000E+00  7.1784E-04
   3    1.6000E-01  1.5904E-01    0.0000E+00  9.5713E-04
   4    2.0000E-01  1.9880E-01    0.0000E+00  1.1964E-03

cambox_do_run doing cloudchem simple, istep=       1
k, old & new so2, ... h2so4, ... so4_c1, ... so4_c2  (ppbv)
   1    7.9521E-02  6.1969E-02    4.7856E-04  1.9143E-04    0.0000E+00  1.7840E-02    0.0000E+00  0.0000E+00
   2    1.1928E-01  9.2953E-02    7.1784E-04  2.8714E-04    0.0000E+00  2.6760E-02    0.0000E+00  0.0000E+00
   3    1.5904E-01  1.2394E-01    9.5713E-04  3.8285E-04    0.0000E+00  3.5679E-02    0.0000E+00  0.0000E+00
   4    1.9880E-01  1.5492E-01    1.1964E-03  4.7856E-04    0.0000E+00  4.4599E-02    0.0000E+00  0.0000E+00

cambox_do_run doing gasaerexch, istep=       1
k, old & new h2so4, old & new so4_a1, old & new so4_a2  (ppbv)
   1    1.9143E-04  1.7848E-04    0.0000E+00  5.6912E-06    0.0000E+00  7.2521E-06
   2    2.8714E-04  2.5916E-04    0.0000E+00  2.7973E-05    0.0000E+00  0.0000E+00
   3    3.8285E-04  3.1029E-04    0.0000E+00  7.2560E-05    0.0000E+00  0.0000E+00
   4    4.7856E-04  3.4552E-08    0.0000E+00  1.3380E-04    0.0000E+00  3.4472E-04

cambox_do_run step done, istep=       1

i, k, told, tnew (h)    8    1     0.000     0.500
spec              qold       qnew         del-gas   del-cloud del-rena    del-cond  del-nuc   del-coag
H2SO4             0.000E+00  1.785E-04    4.79E-04 -2.87E-04  0.00E+00   -5.69E-06 -7.25E-06  0.00E+00
SO2               8.000E-02  6.197E-02   -4.79E-04 -1.76E-02  0.00E+00    0.00E+00  0.00E+00  0.00E+00
SOAG              1.200E-01  1.178E-01    0.00E+00  0.00E+00  0.00E+00   -2.25E-03  0.00E+00  0.00E+00
so4_a1            0.000E+00  5.691E-06    0.00E+00  0.00E+00  0.00E+00    5.69E-06  0.00E+00  2.41E-09
pom_a1            0.000E+00  7.400E-03    0.00E+00  0.00E+00  0.00E+00    7.40E-03  0.00E+00  1.48E-07
soa_a1            0.000E+00  2.249E-03    0.00E+00  0.00E+00  0.00E+00    2.25E-03  0.00E+00  0.00E+00
bc_a1             0.000E+00  8.222E-04    0.00E+00  0.00E+00  0.00E+00    8.22E-04  0.00E+00  1.64E-08
num_a1            0.000E+00  1.089E+01    0.00E+00  0.00E+00  0.00E+00    1.09E+01  0.00E+00  2.18E-04
so4_a2            0.000E+00  7.252E-06    0.00E+00  0.00E+00  0.00E+00    0.00E+00  7.25E-06 -2.41E-09
num_a2            0.000E+00  1.342E+01    0.00E+00  0.00E+00  0.00E+00    0.00E+00  1.34E+01 -7.77E-03
pom_a4            8.493E-02  7.753E-02    0.00E+00  0.00E+00  0.00E+00   -7.40E-03  0.00E+00 -1.48E-07
bc_a4             9.437E-03  8.614E-03    0.00E+00  0.00E+00  0.00E+00   -8.22E-04  0.00E+00 -1.64E-08
num_a4            1.250E+02  1.141E+02    0.00E+00  0.00E+00  0.00E+00   -1.09E+01  0.00E+00 -8.18E-03
so4_c1            0.000E+00  1.784E-02    0.00E+00  1.78E-02  0.00E+00    0.00E+00  0.00E+00  0.00E+00
sox_tot           8.000E-02  8.000E-02    0.00E+00
nhx_tot           0.000E+00  0.000E+00    0.00E+00
soa1_tot          1.200E-01  1.200E-01    2.06E-06

i, k, told, tnew (h)    8    2     0.000     0.500
spec              qold       qnew         del-gas   del-cloud del-rena    del-cond  del-nuc   del-coag
H2SO4             0.000E+00  2.592E-04    7.18E-04 -4.31E-04  0.00E+00   -2.80E-05  0.00E+00  0.00E+00
SO2               1.200E-01  9.295E-02   -7.18E-04 -2.63E-02  0.00E+00    0.00E+00  0.00E+00  0.00E+00
SOAG              1.800E-01  1.690E-01    0.00E+00  0.00E+00  0.00E+00   -1.10E-02  0.00E+00  0.00E+00
so4_a1            0.000E+00  2.797E-05    0.00E+00  0.00E+00  0.00E+00    2.80E-05  0.00E+00  0.00E+00
pom_a1            0.000E+00  3.608E-02    0.00E+00  0.00E+00  0.00E+00    3.61E-02  0.00E+00  0.00E+00
soa_a1            0.000E+00  1.096E-02    0.00E+00  0.00E+00  0.00E+00    1.10E-02  0.00E+00  0.00E+00
bc_a1             0.000E+00  4.009E-03    0.00E+00  0.00E+00  0.00E+00    4.01E-03  0.00E+00  0.00E+00
num_a1            0.000E+00  5.308E+01    0.00E+00  0.00E+00  0.00E+00    5.31E+01  0.00E+00  0.00E+00
pom_a4            1.699E-01  1.338E-01    0.00E+00  0.00E+00  0.00E+00   -3.61E-02  0.00E+00  0.00E+00
bc_a4             1.887E-02  1.486E-02    0.00E+00  0.00E+00  0.00E+00   -4.01E-03  0.00E+00  0.00E+00
num_a4            2.500E+02  1.969E+02    0.00E+00  0.00E+00  0.00E+00   -5.31E+01  0.00E+00 -4.33E-02
so4_c1            0.000E+00  2.676E-02    0.00E+00  2.68E-02  0.00E+00    0.00E+00  0.00E+00  0.00E+00
sox_tot           1.200E-01  1.200E-01    0.00E+00
nhx_tot           0.000E+00  0.000E+00    0.00E+00
soa1_tot          1.800E-01  1.800E-01    1.00E-05

i, k, told, tnew (h)    8    3     0.000     0.500
spec              qold       qnew         del-gas   del-cloud del-rena    del-cond  del-nuc   del-coag
H2SO4             0.000E+00  3.103E-04    9.57E-04 -5.74E-04  0.00E+00   -7.26E-05  0.00E+00  0.00E+00
SO2               1.600E-01  1.239E-01   -9.57E-04 -3.51E-02  0.00E+00    0.00E+00  0.00E+00  0.00E+00
SOAG              2.400E-01  2.130E-01    0.00E+00  0.00E+00  0.00E+00   -2.70E-02  0.00E+00  0.00E+00
so4_a1            0.000E+00  7.256E-05    0.00E+00  0.00E+00  0.00E+00    7.26E-05  0.00E+00  0.00E+00
pom_a1            0.000E+00  8.931E-02    0.00E+00  0.00E+00  0.00E+00    8.93E-02  0.00E+00  0.00E+00
soa_a1            0.000E+00  2.707E-02    0.00E+00  0.00E+00  0.00E+00    2.71E-02  0.00E+00  0.00E+00
bc_a1             0.000E+00  9.924E-03    0.00E+00  0.00E+00  0.00E+00    9.92E-03  0.00E+00  0.00E+00
num_a1            0.000E+00  1.314E+02    0.00E+00  0.00E+00  0.00E+00    1.31E+02  0.00E+00  0.00E+00
pom_a4            2.548E-01  1.655E-01    0.00E+00  0.00E+00  0.00E+00   -8.93E-02  0.00E+00  0.00E+00
bc_a4             2.831E-02  1.839E-02    0.00E+00  0.00E+00  0.00E+00   -9.92E-03  0.00E+00  0.00E+00
num_a4            3.750E+02  2.435E+02    0.00E+00  0.00E+00  0.00E+00   -1.31E+02  0.00E+00 -1.15E-01
so4_c1            0.000E+00  3.568E-02    0.00E+00  3.57E-02  0.00E+00    0.00E+00  0.00E+00  0.00E+00
sox_tot           1.600E-01  1.600E-01    2.58E-17
nhx_tot           0.000E+00  0.000E+00    0.00E+00
soa1_tot          2.400E-01  2.400E-01    2.48E-05

i, k, told, tnew (h)    8    4     0.000     0.500
spec              qold       qnew         del-gas   del-cloud del-rena    del-cond  del-nuc   del-coag
H2SO4             0.000E+00  3.455E-08    1.20E-03 -7.18E-04  0.00E+00   -1.33E-04 -3.45E-04  0.00E+00
SO2               2.000E-01  1.549E-01   -1.20E-03 -4.39E-02  0.00E+00    0.00E+00  0.00E+00  0.00E+00
SOAG              3.000E-01  2.614E-01    0.00E+00  0.00E+00  0.00E+00   -3.86E-02  0.00E+00  0.00E+00
so4_a1            0.000E+00  1.338E-04    0.00E+00  0.00E+00  0.00E+00    1.33E-04  0.00E+00  7.60E-07
pom_a1            0.000E+00  1.294E-01    0.00E+00  0.00E+00  0.00E+00    1.29E-01  0.00E+00  4.67E-05
soa_a1            0.000E+00  3.866E-02    0.00E+00  0.00E+00  0.00E+00    3.87E-02  0.00E+00  0.00E+00
bc_a1             0.000E+00  1.438E-02    0.00E+00  0.00E+00  0.00E+00    1.44E-02  0.00E+00  5.19E-06
num_a1            0.000E+00  1.902E+02    0.00E+00  0.00E+00  0.00E+00    1.90E+02  0.00E+00  6.87E-02
so4_a2            0.000E+00  3.447E-04    0.00E+00  0.00E+00  0.00E+00    0.00E+00  3.45E-04 -7.60E-07
num_a2            0.000E+00  6.353E+02    0.00E+00  0.00E+00  0.00E+00    0.00E+00  6.39E+02 -4.16E+00
pom_a4            3.397E-01  2.103E-01    0.00E+00  0.00E+00  0.00E+00   -1.29E-01  0.00E+00 -4.67E-05
bc_a4             3.775E-02  2.337E-02    0.00E+00  0.00E+00  0.00E+00   -1.44E-02  0.00E+00 -5.19E-06
num_a4            5.000E+02  3.095E+02    0.00E+00  0.00E+00  0.00E+00   -1.90E+02  0.00E+00 -2.88E-01
so4_c1            0.000E+00  4.460E-02    0.00E+00  4.46E-02  0.00E+00    0.00E+00  0.00E+00  0.00E+00
sox_tot           2.000E-01  2.000E-01    0.00E+00
nhx_tot           0.000E+00  0.000E+00    0.00E+00
soa1_tot          3.000E-01  3.000E-01    3.54E-05

cambox_do_run doing calcsize, istep=       2
calcsize tend > 0 for nspecies =      1
k, accum num, so4, dgncur_a, same for aitken  (#/mg,  ug/kg,  nm)
   1    1.0889E+01  2.2616E-05  5.3849E+01    1.3419E+01  2.8819E-05  9.5008E+00
   2    5.3076E+01  1.1116E-04  5.3853E+01    0.0000E+00  0.0000E+00  2.6000E+01
   3    1.3135E+02  2.8834E-04  5.3852E+01    0.0000E+00  0.0000E+00  2.6000E+01
   4    1.9024E+02  5.3172E-04  5.3817E+01    6.3526E+02  1.3699E-03  9.5137E+00

cambox_do_run doing wateruptake, istep=       2
watruptk tend = 0 for all species
k, accum num, so4, watr, dgncur_a, dgncur_awet, wetdens  (#/mg,  ug/kg,  nm)
   1    1.0889E+01  2.2616E-05  0.0000E+00    5.3849E+01  5.3849E+01  1.0356E+00
   2    5.3076E+01  1.1116E-04  1.0622E-04    5.3853E+01  5.3946E+01  1.0355E+00
   3    1.3135E+02  2.8834E-04  4.1348E-03    5.3852E+01  5.5274E+01  1.0331E+00
   4    1.9024E+02  5.3172E-04  2.2821E-02    5.3817E+01  5.8893E+01  1.0279E+00
k, aitken num, so4, watr, dgncur_a, dgncur_awet, wetdens  (#/mg,  ug/kg,  nm)
   1    1.3419E+01  2.8819E-05  0.0000E+00    9.5008E+00  9.5008E+00  1.7700E+00
   2    0.0000E+00  0.0000E+00  0.0000E+00    2.6000E+01  2.6541E+01  6.0818E-02
   3    0.0000E+00  0.0000E+00  0.0000E+00    2.6000E+01  3.2602E+01  4.9330E-01
   4    6.3526E+02  1.3699E-03  1.7255E-03    9.5137E+00  1.4062E+01  1.2384E+00

cambox_do_run doing gaschem simple, istep=       2
k, old & new so2, old & new h2so4  (ppbv)
   1    6.1969E-02  6.1598E-02    1.7848E-04  3.7070E-04
   2    9.2953E-02  9.2397E-02    2.5916E-04  5.5605E-04
   3    1.2394E-01  1.2320E-01    3.1029E-04  7.4140E-04
   4    1.5492E-01  1.5400E-01    3.4552E-08  9.2675E-04

cambox_do_run doing cloudchem simple, istep=       2
k, old & new so2, ... h2so4, ... so4_c1, ... so4_c2  (ppbv)
   1    6.1598E-02  4.8002E-02    3.7070E-04  1.4828E-04    1.7840E-02  3.1659E-02    0.0000E+00  0.0000E+00
   2    9.2397E-02  7.2003E-02    5.5605E-04  2.2242E-04    2.6760E-02  4.7488E-02    0.0000E+00  0.0000E+00
   3    1.2320E-01  9.6003E-02    7.4140E-04  2.9656E-04    3.5679E-02  6.3317E-02    0.0000E+00  0.0000E+00
   4    1.5400E-01  1.2000E-01    9.2675E-04  3.7070E-04    4.4599E-02  7.9146E-02    0.0000E+00  0.0000E+00

cambox_do_run doing gasaerexch, istep=       2
k, old & new h2so4, old & new so4_a1, old & new so4_a2  (ppbv)
   1    1.4828E-04  1.2611E-04    5.6912E-06  1.2210E-05    7.2521E-06  2.2907E-05
   2    2.2242E-04  1.9114E-04    2.7973E-05  5.9253E-05    0.0000E+00  0.0000E+00
   3    2.9656E-04  2.1865E-04    7.2560E-05  1.5047E-04    0.0000E+00  0.0000E+00
   4    3.7070E-04  2.5717E-08    1.3380E-04  2.4162E-04    3.4472E-04  6.0759E-04

cambox_do_run step done, istep=       2

i, k, told, tnew (h)    8    1     0.500     1.000
spec              qold       qnew         del-gas   del-cloud del-rena    del-cond  del-nuc   del-coag
H2SO4             1.785E-04  1.261E-04    1.92E-04 -2.22E-04  0.00E+00   -6.52E-06 -1.57E-05  0.00E+00
SO2               6.197E-02  4.800E-02   -3.71E-04 -1.36E-02  0.00E+00    0.00E+00  0.00E+00  0.00E+00
SOAG              1.178E-01  1.155E-01    0.00E+00  0.00E+00  0.00E+00   -2.22E-03  0.00E+00  0.00E+00
so4_a1            5.691E-06  1.221E-05    0.00E+00  0.00E+00  0.00E+00    6.51E-06  0.00E+00  1.39E-08
pom_a1            7.400E-03  1.408E-02    0.00E+00  0.00E+00  0.00E+00    6.68E-03  0.00E+00  2.18E-06
soa_a1            2.249E-03  4.463E-03    0.00E+00  0.00E+00  0.00E+00    2.21E-03  0.00E+00  4.64E-09
bc_a1             8.222E-04  1.564E-03    0.00E+00  0.00E+00  0.00E+00    7.42E-04  0.00E+00  2.42E-07
num_a1            1.089E+01  2.072E+01    0.00E+00  0.00E+00  0.00E+00    9.83E+00  0.00E+00  1.09E-03
so4_a2            7.252E-06  2.291E-05    0.00E+00  0.00E+00  0.00E+00    1.82E-08  1.57E-05 -1.39E-08
soa_a2            0.000E+00  6.176E-06    0.00E+00  0.00E+00  0.00E+00    6.18E-06  0.00E+00 -4.64E-09
num_a2            1.342E+01  4.232E+01    0.00E+00  0.00E+00  0.00E+00    0.00E+00  2.90E+01 -6.51E-02
pom_a4            7.753E-02  7.085E-02    0.00E+00  0.00E+00  0.00E+00   -6.68E-03  0.00E+00 -2.18E-06
bc_a4             8.614E-03  7.872E-03    0.00E+00  0.00E+00  0.00E+00   -7.42E-04  0.00E+00 -2.42E-07
num_a4            1.141E+02  1.043E+02    0.00E+00  0.00E+00  0.00E+00   -9.83E+00  0.00E+00 -9.24E-03
so4_c1            1.784E-02  3.166E-02    0.00E+00  1.38E-02  0.00E+00    0.00E+00  0.00E+00  0.00E+00
num_c1            1.464E-04  1.464E-04    0.00E+00  0.00E+00  0.00E+00    0.00E+00  0.00E+00  0.00E+00
sox_tot           8.000E-02  7.982E-02   -1.78E-04
nhx_tot           0.000E+00  0.000E+00    0.00E+00
soa1_tot          1.200E-01  1.200E-01    2.03E-06

i, k, told, tnew (h)    8    2     0.500     1.000
spec              qold       qnew         del-gas   del-cloud del-rena    del-cond  del-nuc   del-coag
H2SO4             2.592E-04  1.911E-04    2.97E-04 -3.34E-04  0.00E+00   -3.13E-05  0.00E+00  0.00E+00
SO2               9.295E-02  7.200E-02   -5.56E-04 -2.04E-02  0.00E+00    0.00E+00  0.00E+00  0.00E+00
SOAG              1.690E-01  1.587E-01    0.00E+00  0.00E+00  0.00E+00   -1.04E-02  0.00E+00  0.00E+00
so4_a1            2.797E-05  5.925E-05    0.00E+00  0.00E+00  0.00E+00    3.13E-05  0.00E+00  0.00E+00
pom_a1            3.608E-02  6.299E-02    0.00E+00  0.00E+00  0.00E+00    2.69E-02  0.00E+00  1.50E-05
soa_a1            1.096E-02  2.132E-02    0.00E+00  0.00E+00  0.00E+00    1.04E-02  0.00E+00  0.00E+00
bc_a1             4.009E-03  6.999E-03    0.00E+00  0.00E+00  0.00E+00    2.99E-03  0.00E+00  1.67E-06
num_a1            5.308E+01  9.264E+01    0.00E+00  0.00E+00  0.00E+00    3.96E+01  0.00E+00 -2.52E-03
pom_a4            1.338E-01  1.069E-01    0.00E+00  0.00E+00  0.00E+00   -2.69E-02  0.00E+00 -1.50E-05
bc_a4             1.486E-02  1.187E-02    0.00E+00  0.00E+00  0.00E+00   -2.99E-03  0.00E+00 -1.67E-06
num_a4            1.969E+02  1.573E+02    0.00E+00  0.00E+00  0.00E+00   -3.96E+01  0.00E+00 -4.34E-02
so4_c1            2.676E-02  4.749E-02    0.00E+00  2.07E-02  0.00E+00    0.00E+00  0.00E+00  0.00E+00
num_c1            2.196E-04  2.196E-04    0.00E+00  0.00E+00  0.00E+00    0.00E+00  0.00E+00  0.00E+00
sox_tot           1.200E-01  1.197E-01   -2.59E-04
nhx_tot           0.000E+00  0.000E+00    0.00E+00
soa1_tot          1.800E-01  1.800E-01    9.49E-06

i, k, told, tnew (h)    8    3     0.500     1.000
spec              qold       qnew         del-gas   del-cloud del-rena    del-cond  del-nuc   del-coag
H2SO4             3.103E-04  2.186E-04    4.31E-04 -4.45E-04  0.00E+00   -7.79E-05  0.00E+00  0.00E+00
SO2               1.239E-01  9.600E-02   -7.41E-04 -2.72E-02  0.00E+00    0.00E+00  0.00E+00  0.00E+00
SOAG              2.130E-01  1.886E-01    0.00E+00  0.00E+00  0.00E+00   -2.44E-02  0.00E+00  0.00E+00
so4_a1            7.256E-05  1.505E-04    0.00E+00  0.00E+00  0.00E+00    7.79E-05  0.00E+00  0.00E+00
pom_a1            8.931E-02  1.408E-01    0.00E+00  0.00E+00  0.00E+00    5.15E-02  0.00E+00  5.18E-05
soa_a1            2.707E-02  5.148E-02    0.00E+00  0.00E+00  0.00E+00    2.44E-02  0.00E+00  0.00E+00
bc_a1             9.924E-03  1.565E-02    0.00E+00  0.00E+00  0.00E+00    5.72E-03  0.00E+00  5.75E-06
num_a1            1.314E+02  2.071E+02    0.00E+00  0.00E+00  0.00E+00    7.57E+01  0.00E+00 -1.81E-02
pom_a4            1.655E-01  1.140E-01    0.00E+00  0.00E+00  0.00E+00   -5.15E-02  0.00E+00 -5.18E-05
bc_a4             1.839E-02  1.266E-02    0.00E+00  0.00E+00  0.00E+00   -5.72E-03  0.00E+00 -5.75E-06
num_a4            2.435E+02  1.677E+02    0.00E+00  0.00E+00  0.00E+00   -7.57E+01  0.00E+00 -1.08E-01
so4_c1            3.568E-02  6.332E-02    0.00E+00  2.76E-02  0.00E+00    0.00E+00  0.00E+00  0.00E+00
num_c1            2.927E-04  2.927E-04    0.00E+00  0.00E+00  0.00E+00    0.00E+00  0.00E+00  0.00E+00
sox_tot           1.600E-01  1.597E-01   -3.10E-04
nhx_tot           0.000E+00  0.000E+00    0.00E+00
soa1_tot          2.400E-01  2.400E-01    2.23E-05

i, k, told, tnew (h)    8    4     0.500     1.000
spec              qold       qnew         del-gas   del-cloud del-rena    del-cond  del-nuc   del-coag
H2SO4             3.455E-08  2.572E-08    9.27E-04 -5.56E-04  0.00E+00   -1.14E-04 -2.57E-04  0.00E+00
SO2               1.549E-01  1.200E-01   -9.27E-04 -3.40E-02  0.00E+00    0.00E+00  0.00E+00  0.00E+00
SOAG              2.614E-01  2.254E-01    0.00E+00  0.00E+00  0.00E+00   -3.60E-02  0.00E+00  0.00E+00
so4_a1            1.338E-04  2.416E-04    0.00E+00  0.00E+00  0.00E+00    1.06E-04  0.00E+00  1.60E-06
pom_a1            1.294E-01  1.932E-01    0.00E+00  0.00E+00  0.00E+00    6.36E-02  0.00E+00  1.71E-04
soa_a1            3.866E-02  7.245E-02    0.00E+00  0.00E+00  0.00E+00    3.38E-02  0.00E+00  8.96E-06
bc_a1             1.438E-02  2.147E-02    0.00E+00  0.00E+00  0.00E+00    7.07E-03  0.00E+00  1.90E-05
num_a1            1.902E+02  2.839E+02    0.00E+00  0.00E+00  0.00E+00    9.36E+01  0.00E+00  7.15E-02
so4_a2            3.447E-04  6.076E-04    0.00E+00  0.00E+00  0.00E+00    7.32E-06  2.57E-04 -1.60E-06
soa_a2            0.000E+00  2.243E-03    0.00E+00  0.00E+00  0.00E+00    2.25E-03  0.00E+00 -8.96E-06
num_a2            6.353E+02  1.101E+03    0.00E+00  0.00E+00  0.00E+00    0.00E+00  4.76E+02 -1.02E+01
pom_a4            2.103E-01  1.465E-01    0.00E+00  0.00E+00  0.00E+00   -6.36E-02  0.00E+00 -1.71E-04
bc_a4             2.337E-02  1.628E-02    0.00E+00  0.00E+00  0.00E+00   -7.07E-03  0.00E+00 -1.90E-05
num_a4            3.095E+02  2.156E+02    0.00E+00  0.00E+00  0.00E+00   -9.36E+01  0.00E+00 -3.11E-01
so4_c1            4.460E-02  7.915E-02    0.00E+00  3.45E-02  0.00E+00    0.00E+00  0.00E+00  0.00E+00
num_c1            3.659E-04  3.659E-04    0.00E+00  0.00E+00  0.00E+00    0.00E+00  0.00E+00  0.00E+00
sox_tot           2.000E-01  2.000E-01   -3.46E-08
nhx_tot           0.000E+00  0.000E+00    0.00E+00
soa1_tot          3.000E-01  3.001E-01    3.30E-05

cambox_do_run doing calcsize, istep=       3
calcsize tend > 0 for nspecies =      1
k, accum num, so4, dgncur_a, same for aitken  (#/mg,  ug/kg,  nm)
   1    2.0716E+01  4.8523E-05  5.4028E+01    4.2320E+01  9.1030E-05  9.6609E+00
   2    9.2644E+01  2.3547E-04  5.4318E+01    0.0000E+00  0.0000E+00  2.6000E+01
   3    2.0706E+02  5.9796E-04  5.4679E+01    0.0000E+00  0.0000E+00  2.6000E+01
   4    2.8392E+02  9.6015E-04  5.4820E+01    1.1010E+03  2.4145E-03  1.1378E+01

cambox_do_run doing wateruptake, istep=       3
watruptk tend = 0 for all species
k, accum num, so4, watr, dgncur_a, dgncur_awet, wetdens  (#/mg,  ug/kg,  nm)
   1    2.0716E+01  4.8523E-05  0.0000E+00    5.4028E+01  5.4028E+01  1.0356E+00
   2    9.2644E+01  2.3547E-04  2.0351E-04    5.4318E+01  5.4418E+01  1.0351E+00
   3    2.0706E+02  5.9796E-04  7.6550E-03    5.4679E+01  5.6294E+01  1.0320E+00
   4    2.8392E+02  9.6015E-04  4.1325E-02    5.4820E+01  6.0684E+01  1.0260E+00
k, aitken num, so4, watr, dgncur_a, dgncur_awet, wetdens  (#/mg,  ug/kg,  nm)
   1    4.2320E+01  9.1030E-05  0.0000E+00    9.6609E+00  9.6609E+00  1.7335E+00
   2    0.0000E+00  0.0000E+00  0.0000E+00    2.6000E+01  2.6541E+01  6.0818E-02
   3    0.0000E+00  0.0000E+00  0.0000E+00    2.6000E+01  3.2602E+01  4.9330E-01
   4    1.1010E+03  2.4145E-03  3.8422E-03    1.1378E+01  1.5793E+01  1.1712E+00

cambox_do_run doing gaschem simple, istep=       3
k, old & new so2, old & new h2so4  (ppbv)
   1    4.8002E-02  4.7715E-02    1.2611E-04  2.8715E-04
   2    7.2003E-02  7.1572E-02    1.9114E-04  4.3072E-04
   3    9.6003E-02  9.5429E-02    2.1865E-04  5.7430E-04
   4    1.2000E-01  1.1929E-01    2.5717E-08  7.1787E-04

cambox_do_run doing cloudchem simple, istep=       3
k, old & new so2, ... h2so4, ... so4_c1, ... so4_c2  (ppbv)
   1    4.7715E-02  3.7183E-02    2.8715E-04  1.1486E-04    3.1659E-02  4.2363E-02    0.0000E+00  0.0000E+00
   2    7.1572E-02  5.5774E-02    4.3072E-04  1.7229E-04    4.7488E-02  6.3544E-02    0.0000E+00  0.0000E+00
   3    9.5429E-02  7.4365E-02    5.7430E-04  2.2972E-04    6.3317E-02  8.4726E-02    0.0000E+00  0.0000E+00
   4    1.1929E-01  9.2957E-02    7.1787E-04  2.8715E-04    7.9146E-02  1.0591E-01    0.0000E+00  0.0000E+00

cambox_do_run doing gasaerexch, istep=       3
k, old & new h2so4, old & new so4_a1, old & new so4_a2  (ppbv)
   1    1.1486E-04  1.0704E-04    1.2210E-05  1.7135E-05    2.2907E-05  2.5804E-05
   2    1.7229E-04  1.4816E-04    5.9253E-05  8.3379E-05    0.0000E+00  0.0000E+00
   3    2.2972E-04  1.6926E-04    1.5047E-04  2.1093E-04    0.0000E+00  0.0000E+00
   4    2.8715E-04  1.9037E-08    2.4162E-04  3.2802E-04    6.0759E-04  8.0831E-04

cambox_do_run step done, istep=       3

i, k, told, tnew (h)    8    1     1.000     1.500
spec              qold       qnew         del-gas   del-cloud del-rena    del-cond  del-nuc   del-coag
H2SO4             1.261E-04  1.070E-04    1.61E-04 -1.72E-04  0.00E+00   -4.96E-06 -2.86E-06  0.00E+00
SO2               4.800E-02  3.718E-02   -2.87E-04 -1.05E-02  0.00E+00    0.00E+00  0.00E+00  0.00E+00
SOAG              1.155E-01  1.133E-01    0.00E+00  0.00E+00  0.00E+00   -2.20E-03  0.00E+00  0.00E+00
so4_a1            1.221E-05  1.713E-05    0.00E+00  0.00E+00  0.00E+00    4.92E-06  0.00E+00  8.95E-09
pom_a1            1.408E-02  1.999E-02    0.00E+00  0.00E+00  0.00E+00    5.91E-03  0.00E+00  2.90E-06
soa_a1            4.463E-03  6.643E-03    0.00E+00  0.00E+00  0.00E+00    2.18E-03  0.00E+00  1.65E-08
bc_a1             1.564E-03  2.221E-03    0.00E+00  0.00E+00  0.00E+00    6.56E-04  0.00E+00  3.22E-07
num_a1            2.072E+01  2.941E+01    0.00E+00  0.00E+00  0.00E+00    8.69E+00  0.00E+00  4.53E-04
so4_a2            2.291E-05  2.580E-05    0.00E+00  0.00E+00  0.00E+00    4.46E-08  2.86E-06 -8.95E-09
soa_a2            6.176E-06  2.592E-05    0.00E+00  0.00E+00  0.00E+00    1.98E-05  0.00E+00 -1.65E-08
num_a2            4.232E+01  4.757E+01    0.00E+00  0.00E+00  0.00E+00    0.00E+00  5.30E+00 -4.11E-02
pom_a4            7.085E-02  6.494E-02    0.00E+00  0.00E+00  0.00E+00   -5.91E-03  0.00E+00 -2.90E-06
bc_a4             7.872E-03  7.216E-03    0.00E+00  0.00E+00  0.00E+00   -6.56E-04  0.00E+00 -3.22E-07
num_a4            1.043E+02  9.557E+01    0.00E+00  0.00E+00  0.00E+00   -8.69E+00  0.00E+00 -8.78E-03
so4_c1            3.166E-02  4.236E-02    0.00E+00  1.07E-02  0.00E+00    0.00E+00  0.00E+00  0.00E+00
num_c1            4.031E-04  4.031E-04    0.00E+00  0.00E+00  0.00E+00    0.00E+00  0.00E+00  0.00E+00
sox_tot           7.982E-02  7.970E-02   -1.26E-04
nhx_tot           0.000E+00  0.000E+00    0.00E+00
soa1_tot          1.200E-01  1.200E-01    2.01E-06

i, k, told, tnew (h)    8    2     1.000     1.500
spec              qold       qnew         del-gas   del-cloud del-rena    del-cond  del-nuc   del-coag
H2SO4             1.911E-04  1.482E-04    2.40E-04 -2.58E-04  0.00E+00   -2.41E-05  0.00E+00  0.00E+00
SO2               7.200E-02  5.577E-02   -4.31E-04 -1.58E-02  0.00E+00    0.00E+00  0.00E+00  0.00E+00
SOAG              1.587E-01  1.489E-01    0.00E+00  0.00E+00  0.00E+00   -9.82E-03  0.00E+00  0.00E+00
so4_a1            5.925E-05  8.338E-05    0.00E+00  0.00E+00  0.00E+00    2.41E-05  0.00E+00  2.52E-21
pom_a1            6.299E-02  8.295E-02    0.00E+00  0.00E+00  0.00E+00    1.99E-02  0.00E+00  2.07E-05
soa_a1            2.132E-02  3.115E-02    0.00E+00  0.00E+00  0.00E+00    9.83E-03  0.00E+00  0.00E+00
bc_a1             6.999E-03  9.216E-03    0.00E+00  0.00E+00  0.00E+00    2.22E-03  0.00E+00  2.30E-06
num_a1            9.264E+01  1.220E+02    0.00E+00  0.00E+00  0.00E+00    2.93E+01  0.00E+00 -7.66E-03
pom_a4            1.069E-01  8.691E-02    0.00E+00  0.00E+00  0.00E+00   -1.99E-02  0.00E+00 -2.07E-05
bc_a4             1.187E-02  9.657E-03    0.00E+00  0.00E+00  0.00E+00   -2.22E-03  0.00E+00 -2.30E-06
num_a4            1.573E+02  1.279E+02    0.00E+00  0.00E+00  0.00E+00   -2.93E+01  0.00E+00 -4.02E-02
so4_c1            4.749E-02  6.354E-02    0.00E+00  1.61E-02  0.00E+00    0.00E+00  0.00E+00  0.00E+00
num_c1            6.046E-04  6.046E-04    0.00E+00  0.00E+00  0.00E+00    0.00E+00  0.00E+00  0.00E+00
sox_tot           1.197E-01  1.195E-01   -1.91E-04
nhx_tot           0.000E+00  0.000E+00    0.00E+00
soa1_tot          1.800E-01  1.800E-01    9.00E-06

i, k, told, tnew (h)    8    3     1.000     1.500
spec              qold       qnew         del-gas   del-cloud del-rena    del-cond  del-nuc   del-coag
H2SO4             2.186E-04  1.693E-04    3.56E-04 -3.45E-04  0.00E+00   -6.05E-05  0.00E+00  0.00E+00
SO2               9.600E-02  7.437E-02   -5.74E-04 -2.11E-02  0.00E+00    0.00E+00  0.00E+00  0.00E+00
SOAG              1.886E-01  1.665E-01    0.00E+00  0.00E+00  0.00E+00   -2.21E-02  0.00E+00  0.00E+00
so4_a1            1.505E-04  2.109E-04    0.00E+00  0.00E+00  0.00E+00    6.05E-05  0.00E+00  5.05E-21
pom_a1            1.408E-01  1.717E-01    0.00E+00  0.00E+00  0.00E+00    3.08E-02  0.00E+00  5.50E-05
soa_a1            5.148E-02  7.358E-02    0.00E+00  0.00E+00  0.00E+00    2.21E-02  0.00E+00  2.02E-18
bc_a1             1.565E-02  1.908E-02    0.00E+00  0.00E+00  0.00E+00    3.42E-03  0.00E+00  6.12E-06
num_a1            2.071E+02  2.523E+02    0.00E+00  0.00E+00  0.00E+00    4.53E+01  0.00E+00 -4.47E-02
pom_a4            1.140E-01  8.311E-02    0.00E+00  0.00E+00  0.00E+00   -3.08E-02  0.00E+00 -5.50E-05
bc_a4             1.266E-02  9.235E-03    0.00E+00  0.00E+00  0.00E+00   -3.42E-03  0.00E+00 -6.12E-06
num_a4            1.677E+02  1.223E+02    0.00E+00  0.00E+00  0.00E+00   -4.53E+01  0.00E+00 -8.74E-02
so4_c1            6.332E-02  8.473E-02    0.00E+00  2.14E-02  0.00E+00    0.00E+00  0.00E+00  0.00E+00
num_c1            8.062E-04  8.062E-04    0.00E+00  0.00E+00  0.00E+00    0.00E+00  0.00E+00  0.00E+00
sox_tot           1.597E-01  1.595E-01   -2.19E-04
nhx_tot           0.000E+00  0.000E+00    0.00E+00
soa1_tot          2.400E-01  2.401E-01    2.02E-05

i, k, told, tnew (h)    8    4     1.000     1.500
spec              qold       qnew         del-gas   del-cloud del-rena    del-cond  del-nuc   del-coag
H2SO4             2.572E-08  1.904E-08    7.18E-04 -4.31E-04  0.00E+00   -9.68E-05 -1.90E-04  0.00E+00
SO2               1.200E-01  9.296E-02   -7.18E-04 -2.63E-02  0.00E+00    0.00E+00  0.00E+00  0.00E+00
SOAG              2.254E-01  1.931E-01    0.00E+00  0.00E+00  0.00E+00   -3.23E-02  0.00E+00  0.00E+00
so4_a1            2.416E-04  3.280E-04    0.00E+00  0.00E+00  0.00E+00    8.48E-05  0.00E+00  1.62E-06
pom_a1            1.932E-01  2.278E-01    0.00E+00  0.00E+00  0.00E+00    3.44E-02  0.00E+00  1.58E-04
soa_a1            7.245E-02  1.010E-01    0.00E+00  0.00E+00  0.00E+00    2.86E-02  0.00E+00  1.70E-05
bc_a1             2.147E-02  2.531E-02    0.00E+00  0.00E+00  0.00E+00    3.83E-03  0.00E+00  1.76E-05
num_a1            2.839E+02  3.346E+02    0.00E+00  0.00E+00  0.00E+00    5.07E+01  0.00E+00  3.71E-03
so4_a2            6.076E-04  8.083E-04    0.00E+00  0.00E+00  0.00E+00    1.20E-05  1.90E-04 -1.62E-06
soa_a2            2.243E-03  5.989E-03    0.00E+00  0.00E+00  0.00E+00    3.76E-03  0.00E+00 -1.70E-05
num_a2            1.101E+03  1.443E+03    0.00E+00  0.00E+00  0.00E+00    0.00E+00  3.52E+02 -1.07E+01
pom_a4            1.465E-01  1.119E-01    0.00E+00  0.00E+00  0.00E+00   -3.44E-02  0.00E+00 -1.58E-04
bc_a4             1.628E-02  1.244E-02    0.00E+00  0.00E+00  0.00E+00   -3.83E-03  0.00E+00 -1.76E-05
num_a4            2.156E+02  1.647E+02    0.00E+00  0.00E+00  0.00E+00   -5.07E+01  0.00E+00 -2.52E-01
so4_c1            7.915E-02  1.059E-01    0.00E+00  2.68E-02  0.00E+00    0.00E+00  0.00E+00  0.00E+00
num_c1            1.008E-03  1.008E-03    0.00E+00  0.00E+00  0.00E+00    0.00E+00  0.00E+00  0.00E+00
sox_tot           2.000E-01  2.000E-01   -2.57E-08
nhx_tot           0.000E+00  0.000E+00    0.00E+00
soa1_tot          3.001E-01  3.001E-01    2.96E-05
