mdo_gasch, cldch, gaex, rename, newnuc, coag    1    1    1    1    1    1
mopt_h2so4_uptake, gaexch_h2so4_uptake_flagaa, newnuc_h2so4_conc_flagaa, mosaic    1    2    2    F
mopt_aero_comp, aero_load, ait_size   11   72    2
deltat, xopt_cloudf   1800.000000      0.600000

gasch       1      10
H2O2          0.000E+00  0.000E+00     0.000E+00  0.000E+00     0.000E+00  0.000E+00     0.000E+00  0.000E+00 
H2SO4         0.000E+00  5.982E-11*    0.000E+00  4.786E-11*    0.000E+00  3.589E-11*    0.000E+00  2.393E-11*
SO2           1.000E-08  9.940E-09*    8.000E-09  7.952E-09*    6.000E-09  5.964E-09*    4.000E-09  3.976E-09*
DMS           0.000E+00  0.000E+00     0.000E+00  0.000E+00     0.000E+00  0.000E+00     0.000E+00  0.000E+00 
SOAG          3.000E-10  3.000E-10     2.400E-10  2.400E-10     1.800E-10  1.800E-10     1.200E-10  1.200E-10 
so4_a1        0.000E+00  0.000E+00     0.000E+00  0.000E+00     0.000E+00  0.000E+00     0.000E+00  0.000E+00 
pom_a1        0.000E+00  0.000E+00     0.000E+00  0.000E+00     0.000E+00  0.000E+00     0.000E+00  0.000E+00 
soa_a1        0.000E+00  0.000E+00     0.000E+00  0.000E+00     0.000E+00  0.000E+00     0.000E+00  0.000E+00 
bc_a1         0.000E+00  0.000E+00     0.000E+00  0.000E+00     0.000E+00  0.000E+00     0.000E+00  0.000E+00 
ncl_a1        0.000E+00  0.000E+00     0.000E+00  0.000E+00     0.000E+00  0.000E+00     0.000E+00  0.000E+00 
dst_a1        0.000E+00  0.000E+00     0.000E+00  0.000E+00     0.000E+00  0.000E+00     0.000E+00  0.000E+00 
num_a1        0.000E+00  0.000E+00     0.000E+00  0.000E+00     0.000E+00  0.000E+00     0.000E+00  0.000E+00 
so4_a2        0.000E+00  0.000E+00     0.000E+00  0.000E+00     0.000E+00  0.000E+00     0.000E+00  0.000E+00 
soa_a2        0.000E+00  0.000E+00     0.000E+00  0.000E+00     0.000E+00  0.000E+00     0.000E+00  0.000E+00 
ncl_a2        0.000E+00  0.000E+00     0.000E+00  0.000E+00     0.000E+00  0.000E+00     0.000E+00  0.000E+00 
num_a2        0.000E+00  0.000E+00     0.000E+00  0.000E+00     0.000E+00  0.000E+00     0.000E+00  0.000E+00 
dst_a3        0.000E+00  0.000E+00     0.000E+00  0.000E+00     0.000E+00  0.000E+00     0.000E+00  0.000E+00 
ncl_a3        0.000E+00  0.000E+00     0.000E+00  0.000E+00     0.000E+00  0.000E+00     0.000E+00  0.000E+00 
so4_a3        0.000E+00  0.000E+00     0.000E+00  0.000E+00     0.000E+00  0.000E+00     0.000E+00  0.000E+00 
num_a3        0.000E+00  0.000E+00     0.000E+00  0.000E+00     0.000E+00  0.000E+00     0.000E+00  0.000E+00 
pom_a4        3.397E-10  3.397E-10     2.548E-10  2.548E-10     1.699E-10  1.699E-10     8.493E-11  8.493E-11 
bc_a4         3.775E-11  3.775E-11     2.831E-11  2.831E-11     1.887E-11  1.887E-11     9.437E-12  9.437E-12 
num_a4        1.438E+10  1.438E+10     1.078E+10  1.078E+10     7.188E+09  7.188E+09     3.594E+09  3.594E+09 
so4_c1        0.000E+00  0.000E+00     0.000E+00  0.000E+00     0.000E+00  0.000E+00     0.000E+00  0.000E+00 
pom_c1        0.000E+00  0.000E+00     0.000E+00  0.000E+00     0.000E+00  0.000E+00     0.000E+00  0.000E+00 
soa_c1        0.000E+00  0.000E+00     0.000E+00  0.000E+00     0.000E+00  0.000E+00     0.000E+00  0.000E+00 
bc_c1         0.000E+00  0.000E+00     0.000E+00  0.000E+00     0.000E+00  0.000E+00     0.000E+00  0.000E+00 
ncl_c1        0.000E+00  0.000E+00     0.000E+00  0.000E+00     0.000E+00  0.000E+00     0.000E+00  0.000E+00 
dst_c1        0.000E+00  0.000E+00     0.000E+00  0.000E+00     0.000E+00  0.000E+00     0.000E+00  0.000E+00 
num_c1        0.000E+00  0.000E+00     0.000E+00  0.000E+00     0.000E+00  0.000E+00     0.000E+00  0.000E+00 
so4_c2        0.000E+00  0.000E+00     0.000E+00  0.000E+00     0.000E+00  0.000E+00     0.000E+00  0.000E+00 
soa_c2        0.000E+00  0.000E+00     0.000E+00  0.000E+00     0.000E+00  0.000E+00     0.000E+00  0.000E+00 
ncl_c2        0.000E+00  0.000E+00     0.000E+00  0.000E+00     0.000E+00  0.000E+00     0.000E+00  0.000E+00 
num_c2        0.000E+00  0.000E+00     0.000E+00  0.000E+00     0.000E+00  0.000E+00     0.000E+00  0.000E+00 
dst_c3        0.000E+00  0.000E+00     0.000E+00  0.000E+00     0.000E+00  0.000E+00     0.000E+00  0.000E+00 
ncl_c3        0.000E+00  0.000E+00     0.000E+00  0.000E+00     0.000E+00  0.000E+00     0.000E+00  0.000E+00 
so4_c3        0.000E+00  0.000E+00     0.000E+00  0.000E+00     0.000E+00  0.000E+00     0.000E+00  0.000E+00 
num_c3        0.000E+00  0.000E+00     0.000E+00  0.000E+00     0.000E+00  0.000E+00     0.000E+00  0.000E+00 
pom_c4        0.000E+00  0.000E+00     0.000E+00  0.000E+00     0.000E+00  0.000E+00     0.000E+00  0.000E+00 
bc_c4         0.000E+00  0.000E+00     0.000E+00  0.000E+00     0.000E+00  0.000E+00     0.000E+00  0.000E+00 
num_c4        0.000E+00  0.000E+00     0.000E+00  0.000E+00     0.000E+00  0.000E+00     0.000E+00  0.000E+00 

cldch       1      10
H2O2          0.000E+00  0.000E+00     0.000E+00  0.000E+00     0.000E+00  0.000E+00     0.000E+00  0.000E+00 
H2SO4         5.982E-11  2.393E-11*    4.786E-11  1.914E-11*    3.589E-11  1.436E-11*    2.393E-11  9.571E-12*
SO2           9.940E-09  7.746E-09*    7.952E-09  6.197E-09*    5.964E-09  4.648E-09*    3.976E-09  3.098E-09*
DMS           0.000E+00  0.000E+00     0.000E+00  0.000E+00     0.000E+00  0.000E+00     0.000E+00  0.000E+00 
SOAG          3.000E-10  3.000E-10     2.400E-10  2.400E-10     1.800E-10  1.800E-10     1.200E-10  1.200E-10 
so4_a1        0.000E+00  0.000E+00     0.000E+00  0.000E+00     0.000E+00  0.000E+00     0.000E+00  0.000E+00 
pom_a1        0.000E+00  0.000E+00     0.000E+00  0.000E+00     0.000E+00  0.000E+00     0.000E+00  0.000E+00 
soa_a1        0.000E+00  0.000E+00     0.000E+00  0.000E+00     0.000E+00  0.000E+00     0.000E+00  0.000E+00 
bc_a1         0.000E+00  0.000E+00     0.000E+00  0.000E+00     0.000E+00  0.000E+00     0.000E+00  0.000E+00 
ncl_a1        0.000E+00  0.000E+00     0.000E+00  0.000E+00     0.000E+00  0.000E+00     0.000E+00  0.000E+00 
dst_a1        0.000E+00  0.000E+00     0.000E+00  0.000E+00     0.000E+00  0.000E+00     0.000E+00  0.000E+00 
num_a1        0.000E+00  0.000E+00     0.000E+00  0.000E+00     0.000E+00  0.000E+00     0.000E+00  0.000E+00 
so4_a2        0.000E+00  0.000E+00     0.000E+00  0.000E+00     0.000E+00  0.000E+00     0.000E+00  0.000E+00 
soa_a2        0.000E+00  0.000E+00     0.000E+00  0.000E+00     0.000E+00  0.000E+00     0.000E+00  0.000E+00 
ncl_a2        0.000E+00  0.000E+00     0.000E+00  0.000E+00     0.000E+00  0.000E+00     0.000E+00  0.000E+00 
num_a2        0.000E+00  0.000E+00     0.000E+00  0.000E+00     0.000E+00  0.000E+00     0.000E+00  0.000E+00 
dst_a3        0.000E+00  0.000E+00     0.000E+00  0.000E+00     0.000E+00  0.000E+00     0.000E+00  0.000E+00 
ncl_a3        0.000E+00  0.000E+00     0.000E+00  0.000E+00     0.000E+00  0.000E+00     0.000E+00  0.000E+00 
so4_a3        0.000E+00  0.000E+00     0.000E+00  0.000E+00     0.000E+00  0.000E+00     0.000E+00  0.000E+00 
num_a3        0.000E+00  0.000E+00     0.000E+00  0.000E+00     0.000E+00  0.000E+00     0.000E+00  0.000E+00 
pom_a4        3.397E-10  3.397E-10     2.548E-10  2.548E-10     1.699E-10  1.699E-10     8.493E-11  8.493E-11 
bc_a4         3.775E-11  3.775E-11     2.831E-11  2.831E-11     1.887E-11  1.887E-11     9.437E-12  9.437E-12 
num_a4        1.438E+10  1.438E+10     1.078E+10  1.078E+10     7.188E+09  7.188E+09     3.594E+09  3.594E+09 
so4_c1        0.000E+00  2.230E-09*    0.000E+00  1.784E-09*    0.000E+00  1.338E-09*    0.000E+00  8.920E-10*
pom_c1        0.000E+00  0.000E+00     0.000E+00  0.000E+00     0.000E+00  0.000E+00     0.000E+00  0.000E+00 
soa_c1        0.000E+00  0.000E+00     0.000E+00  0.000E+00     0.000E+00  0.000E+00     0.000E+00  0.000E+00 
bc_c1         0.000E+00  0.000E+00     0.000E+00  0.000E+00     0.000E+00  0.000E+00     0.000E+00  0.000E+00 
ncl_c1        0.000E+00  0.000E+00     0.000E+00  0.000E+00     0.000E+00  0.000E+00     0.000E+00  0.000E+00 
dst_c1        0.000E+00  0.000E+00     0.000E+00  0.000E+00     0.000E+00  0.000E+00     0.000E+00  0.000E+00 
num_c1        0.000E+00  0.000E+00     0.000E+00  0.000E+00     0.000E+00  0.000E+00     0.000E+00  0.000E+00 
so4_c2        0.000E+00  0.000E+00     0.000E+00  0.000E+00     0.000E+00  0.000E+00     0.000E+00  0.000E+00 
soa_c2        0.000E+00  0.000E+00     0.000E+00  0.000E+00     0.000E+00  0.000E+00     0.000E+00  0.000E+00 
ncl_c2        0.000E+00  0.000E+00     0.000E+00  0.000E+00     0.000E+00  0.000E+00     0.000E+00  0.000E+00 
num_c2        0.000E+00  0.000E+00     0.000E+00  0.000E+00     0.000E+00  0.000E+00     0.000E+00  0.000E+00 
dst_c3        0.000E+00  0.000E+00     0.000E+00  0.000E+00     0.000E+00  0.000E+00     0.000E+00  0.000E+00 
ncl_c3        0.000E+00  0.000E+00     0.000E+00  0.000E+00     0.000E+00  0.000E+00     0.000E+00  0.000E+00 
so4_c3        0.000E+00  0.000E+00     0.000E+00  0.000E+00     0.000E+00  0.000E+00     0.000E+00  0.000E+00 
num_c3        0.000E+00  0.000E+00     0.000E+00  0.000E+00     0.000E+00  0.000E+00     0.000E+00  0.000E+00 
pom_c4        0.000E+00  0.000E+00     0.000E+00  0.000E+00     0.000E+00  0.000E+00     0.000E+00  0.000E+00 
bc_c4         0.000E+00  0.000E+00     0.000E+00  0.000E+00     0.000E+00  0.000E+00     0.000E+00  0.000E+00 
num_c4        0.000E+00  0.000E+00     0.000E+00  0.000E+00     0.000E+00  0.000E+00     0.000E+00  0.000E+00 

gaex        1      10
H2O2          0.000E+00  0.000E+00     0.000E+00  0.000E+00     0.000E+00  0.000E+00     0.000E+00  0.000E+00 
H2SO4         2.393E-11  1.728E-15*    1.914E-11  3.574E-12*    1.436E-11  1.296E-15*    9.571E-12  9.287E-16*
SO2           7.746E-09  7.746E-09     6.197E-09  6.197E-09     4.648E-09  4.648E-09     3.098E-09  3.098E-09 
DMS           0.000E+00  0.000E+00     0.000E+00  0.000E+00     0.000E+00  0.000E+00     0.000E+00  0.000E+00 
SOAG          3.000E-10  2.614E-10*    2.400E-10  2.130E-10*    1.800E-10  1.690E-10*    1.200E-10  1.178E-10*
so4_a1        0.000E+00  6.690E-12*    0.000E+00  3.646E-12*    0.000E+00  1.410E-12*    0.000E+00  2.875E-13*
pom_a1        0.000E+00  1.359E-10*    0.000E+00  1.019E-10*    0.000E+00  6.794E-11*    0.000E+00  2.472E-11*
soa_a1        0.000E+00  3.866E-11*    0.000E+00  2.707E-11*    0.000E+00  1.096E-11*    0.000E+00  2.249E-12*
bc_a1         0.000E+00  1.510E-11*    0.000E+00  1.132E-11*    0.000E+00  7.549E-12*    0.000E+00  2.747E-12*
ncl_a1        0.000E+00  0.000E+00     0.000E+00  0.000E+00     0.000E+00  0.000E+00     0.000E+00  0.000E+00 
dst_a1        0.000E+00  0.000E+00     0.000E+00  0.000E+00     0.000E+00  0.000E+00     0.000E+00  0.000E+00 
num_a1        0.000E+00  5.744E+09*    0.000E+00  4.310E+09*    0.000E+00  2.874E+09*    0.000E+00  1.046E+09*
so4_a2        0.000E+00  1.724E-11*    0.000E+00  1.192E-11*    0.000E+00  1.295E-11*    0.000E+00  9.283E-12*
soa_a2        0.000E+00  0.000E+00     0.000E+00  0.000E+00     0.000E+00  0.000E+00     0.000E+00  0.000E+00 
ncl_a2        0.000E+00  0.000E+00     0.000E+00  0.000E+00     0.000E+00  0.000E+00     0.000E+00  0.000E+00 
num_a2        0.000E+00  7.649E+11*    0.000E+00  5.593E+11*    0.000E+00  6.164E+11*    0.000E+00  4.684E+11*
dst_a3        0.000E+00  0.000E+00     0.000E+00  0.000E+00     0.000E+00  0.000E+00     0.000E+00  0.000E+00 
ncl_a3        0.000E+00  0.000E+00     0.000E+00  0.000E+00     0.000E+00  0.000E+00     0.000E+00  0.000E+00 
so4_a3        0.000E+00  0.000E+00     0.000E+00  0.000E+00     0.000E+00  0.000E+00     0.000E+00  0.000E+00 
num_a3        0.000E+00  0.000E+00     0.000E+00  0.000E+00     0.000E+00  0.000E+00     0.000E+00  0.000E+00 
pom_a4        3.397E-10  2.038E-10*    2.548E-10  1.529E-10*    1.699E-10  1.019E-10*    8.493E-11  6.021E-11*
bc_a4         3.775E-11  2.265E-11*    2.831E-11  1.699E-11*    1.887E-11  1.132E-11*    9.437E-12  6.690E-12*
num_a4        1.438E+10  8.626E+09*    1.078E+10  6.469E+09*    7.188E+09  4.313E+09*    3.594E+09  2.548E+09*
so4_c1        2.230E-09  2.230E-09     1.784E-09  1.784E-09     1.338E-09  1.338E-09     8.920E-10  8.920E-10 
pom_c1        0.000E+00  0.000E+00     0.000E+00  0.000E+00     0.000E+00  0.000E+00     0.000E+00  0.000E+00 
soa_c1        0.000E+00  0.000E+00     0.000E+00  0.000E+00     0.000E+00  0.000E+00     0.000E+00  0.000E+00 
bc_c1         0.000E+00  0.000E+00     0.000E+00  0.000E+00     0.000E+00  0.000E+00     0.000E+00  0.000E+00 
ncl_c1        0.000E+00  0.000E+00     0.000E+00  0.000E+00     0.000E+00  0.000E+00     0.000E+00  0.000E+00 
dst_c1        0.000E+00  0.000E+00     0.000E+00  0.000E+00     0.000E+00  0.000E+00     0.000E+00  0.000E+00 
num_c1        0.000E+00  0.000E+00     0.000E+00  0.000E+00     0.000E+00  0.000E+00     0.000E+00  0.000E+00 
so4_c2        0.000E+00  0.000E+00     0.000E+00  0.000E+00     0.000E+00  0.000E+00     0.000E+00  0.000E+00 
soa_c2        0.000E+00  0.000E+00     0.000E+00  0.000E+00     0.000E+00  0.000E+00     0.000E+00  0.000E+00 
ncl_c2        0.000E+00  0.000E+00     0.000E+00  0.000E+00     0.000E+00  0.000E+00     0.000E+00  0.000E+00 
num_c2        0.000E+00  0.000E+00     0.000E+00  0.000E+00     0.000E+00  0.000E+00     0.000E+00  0.000E+00 
dst_c3        0.000E+00  0.000E+00     0.000E+00  0.000E+00     0.000E+00  0.000E+00     0.000E+00  0.000E+00 
ncl_c3        0.000E+00  0.000E+00     0.000E+00  0.000E+00     0.000E+00  0.000E+00     0.000E+00  0.000E+00 
so4_c3        0.000E+00  0.000E+00     0.000E+00  0.000E+00     0.000E+00  0.000E+00     0.000E+00  0.000E+00 
num_c3        0.000E+00  0.000E+00     0.000E+00  0.000E+00     0.000E+00  0.000E+00     0.000E+00  0.000E+00 
pom_c4        0.000E+00  0.000E+00     0.000E+00  0.000E+00     0.000E+00  0.000E+00     0.000E+00  0.000E+00 
bc_c4         0.000E+00  0.000E+00     0.000E+00  0.000E+00     0.000E+00  0.000E+00     0.000E+00  0.000E+00 
num_c4        0.000E+00  0.000E+00     0.000E+00  0.000E+00     0.000E+00  0.000E+00     0.000E+00  0.000E+00 
mdo_gasch, cldch, gaex, rename, newnuc, coag    1    1    1    1    1    1
mopt_h2so4_uptake, gaexch_h2so4_uptake_flagaa, newnuc_h2so4_conc_flagaa, mosaic    1    2    2    F
mopt_aero_comp, aero_load, ait_size   11   72    2
deltat, xopt_cloudf   1800.000000      0.600000

gasch       2      10
H2O2          0.000E+00  0.000E+00     0.000E+00  0.000E+00     0.000E+00  0.000E+00     0.000E+00  0.000E+00 
H2SO4         1.728E-15  4.634E-11*    3.574E-12  3.707E-11*    1.296E-15  2.780E-11*    9.287E-16  1.853E-11*
SO2           7.746E-09  7.700E-09*    6.197E-09  6.160E-09*    4.648E-09  4.620E-09*    3.098E-09  3.080E-09*
DMS           0.000E+00  0.000E+00     0.000E+00  0.000E+00     0.000E+00  0.000E+00     0.000E+00  0.000E+00 
SOAG          2.614E-10  2.614E-10     2.130E-10  2.130E-10     1.690E-10  1.690E-10     1.178E-10  1.178E-10 
so4_a1        6.690E-12  6.690E-12     3.646E-12  3.646E-12     1.410E-12  1.410E-12     2.875E-13  2.875E-13 
pom_a1        1.359E-10  1.359E-10     1.019E-10  1.019E-10     6.794E-11  6.794E-11     2.472E-11  2.472E-11 
soa_a1        3.866E-11  3.866E-11     2.707E-11  2.707E-11     1.096E-11  1.096E-11     2.249E-12  2.249E-12 
bc_a1         1.510E-11  1.510E-11     1.132E-11  1.132E-11     7.549E-12  7.549E-12     2.747E-12  2.747E-12 
ncl_a1        0.000E+00  0.000E+00     0.000E+00  0.000E+00     0.000E+00  0.000E+00     0.000E+00  0.000E+00 
dst_a1        0.000E+00  0.000E+00     0.000E+00  0.000E+00     0.000E+00  0.000E+00     0.000E+00  0.000E+00 
num_a1        5.744E+09  5.744E+09     4.309E+09  4.309E+09     2.874E+09  2.874E+09     1.046E+09  1.046E+09 
so4_a2        1.724E-11  1.724E-11     1.192E-11  1.192E-11     1.295E-11  1.295E-11     9.283E-12  9.283E-12 
soa_a2        0.000E+00  0.000E+00     0.000E+00  0.000E+00     0.000E+00  0.000E+00     0.000E+00  0.000E+00 
ncl_a2        0.000E+00  0.000E+00     0.000E+00  0.000E+00     0.000E+00  0.000E+00     0.000E+00  0.000E+00 
num_a2        7.649E+11  7.649E+11     5.593E+11  5.593E+11     6.164E+11  6.164E+11     4.684E+11  4.684E+11 
dst_a3        0.000E+00  0.000E+00     0.000E+00  0.000E+00     0.000E+00  0.000E+00     0.000E+00  0.000E+00 
ncl_a3        0.000E+00  0.000E+00     0.000E+00  0.000E+00     0.000E+00  0.000E+00     0.000E+00  0.000E+00 
so4_a3        0.000E+00  0.000E+00     0.000E+00  0.000E+00     0.000E+00  0.000E+00     0.000E+00  0.000E+00 
num_a3        0.000E+00  0.000E+00     0.000E+00  0.000E+00     0.000E+00  0.000E+00     0.000E+00  0.000E+00 
pom_a4        2.038E-10  2.038E-10     1.529E-10  1.529E-10     1.019E-10  1.019E-10     6.021E-11  6.021E-11 
bc_a4         2.265E-11  2.265E-11     1.699E-11  1.699E-11     1.132E-11  1.132E-11     6.690E-12  6.690E-12 
num_a4        8.626E+09  8.626E+09     6.469E+09  6.469E+09     4.313E+09  4.313E+09     2.548E+09  2.548E+09 
so4_c1        2.230E-09  2.230E-09     1.784E-09  1.784E-09     1.338E-09  1.338E-09     8.920E-10  8.920E-10 
pom_c1        0.000E+00  0.000E+00     0.000E+00  0.000E+00     0.000E+00  0.000E+00     0.000E+00  0.000E+00 
soa_c1        0.000E+00  0.000E+00     0.000E+00  0.000E+00     0.000E+00  0.000E+00     0.000E+00  0.000E+00 
bc_c1         0.000E+00  0.000E+00     0.000E+00  0.000E+00     0.000E+00  0.000E+00     0.000E+00  0.000E+00 
ncl_c1        0.000E+00  0.000E+00     0.000E+00  0.000E+00     0.000E+00  0.000E+00     0.000E+00  0.000E+00 
dst_c1        0.000E+00  0.000E+00     0.000E+00  0.000E+00     0.000E+00  0.000E+00     0.000E+00  0.000E+00 
num_c1        5.261E+05  5.261E+05     4.209E+05  4.209E+05     3.157E+05  3.157E+05     2.104E+05  2.104E+05 
so4_c2        0.000E+00  0.000E+00     0.000E+00  0.000E+00     0.000E+00  0.000E+00     0.000E+00  0.000E+00 
soa_c2        0.000E+00  0.000E+00     0.000E+00  0.000E+00     0.000E+00  0.000E+00     0.000E+00  0.000E+00 
ncl_c2        0.000E+00  0.000E+00     0.000E+00  0.000E+00     0.000E+00  0.000E+00     0.000E+00  0.000E+00 
num_c2        0.000E+00  0.000E+00     0.000E+00  0.000E+00     0.000E+00  0.000E+00     0.000E+00  0.000E+00 
dst_c3        0.000E+00  0.000E+00     0.000E+00  0.000E+00     0.000E+00  0.000E+00     0.000E+00  0.000E+00 
ncl_c3        0.000E+00  0.000E+00     0.000E+00  0.000E+00     0.000E+00  0.000E+00     0.000E+00  0.000E+00 
so4_c3        0.000E+00  0.000E+00     0.000E+00  0.000E+00     0.000E+00  0.000E+00     0.000E+00  0.000E+00 
num_c3        0.000E+00  0.000E+00     0.000E+00  0.000E+00     0.000E+00  0.000E+00     0.000E+00  0.000E+00 
pom_c4        0.000E+00  0.000E+00     0.000E+00  0.000E+00     0.000E+00  0.000E+00     0.000E+00  0.000E+00 
bc_c4         0.000E+00  0.000E+00     0.000E+00  0.000E+00     0.000E+00  0.000E+00     0.000E+00  0.000E+00 
num_c4        0.000E+00  0.000E+00     0.000E+00  0.000E+00     0.000E+00  0.000E+00     0.000E+00  0.000E+00 

cldch       2      10
H2O2          0.000E+00  0.000E+00     0.000E+00  0.000E+00     0.000E+00  0.000E+00     0.000E+00  0.000E+00 
H2SO4         4.634E-11  1.853E-11*    3.707E-11  1.483E-11*    2.780E-11  1.112E-11*    1.853E-11  7.414E-12*
SO2           7.700E-09  6.000E-09*    6.160E-09  4.800E-09*    4.620E-09  3.600E-09*    3.080E-09  2.400E-09*
DMS           0.000E+00  0.000E+00     0.000E+00  0.000E+00     0.000E+00  0.000E+00     0.000E+00  0.000E+00 
SOAG          2.614E-10  2.614E-10     2.130E-10  2.130E-10     1.690E-10  1.690E-10     1.178E-10  1.178E-10 
so4_a1        6.690E-12  6.690E-12     3.646E-12  3.646E-12     1.410E-12  1.410E-12     2.875E-13  2.875E-13 
pom_a1        1.359E-10  1.359E-10     1.019E-10  1.019E-10     6.794E-11  6.794E-11     2.472E-11  2.472E-11 
soa_a1        3.866E-11  3.866E-11     2.707E-11  2.707E-11     1.096E-11  1.096E-11     2.249E-12  2.249E-12 
bc_a1         1.510E-11  1.510E-11     1.132E-11  1.132E-11     7.549E-12  7.549E-12     2.747E-12  2.747E-12 
ncl_a1        0.000E+00  0.000E+00     0.000E+00  0.000E+00     0.000E+00  0.000E+00     0.000E+00  0.000E+00 
dst_a1        0.000E+00  0.000E+00     0.000E+00  0.000E+00     0.000E+00  0.000E+00     0.000E+00  0.000E+00 
num_a1        5.744E+09  5.744E+09     4.309E+09  4.309E+09     2.874E+09  2.874E+09     1.046E+09  1.046E+09 
so4_a2        1.724E-11  1.724E-11     1.192E-11  1.192E-11     1.295E-11  1.295E-11     9.283E-12  9.283E-12 
soa_a2        0.000E+00  0.000E+00     0.000E+00  0.000E+00     0.000E+00  0.000E+00     0.000E+00  0.000E+00 
ncl_a2        0.000E+00  0.000E+00     0.000E+00  0.000E+00     0.000E+00  0.000E+00     0.000E+00  0.000E+00 
num_a2        7.649E+11  7.649E+11     5.593E+11  5.593E+11     6.164E+11  6.164E+11     4.684E+11  4.684E+11 
dst_a3        0.000E+00  0.000E+00     0.000E+00  0.000E+00     0.000E+00  0.000E+00     0.000E+00  0.000E+00 
ncl_a3        0.000E+00  0.000E+00     0.000E+00  0.000E+00     0.000E+00  0.000E+00     0.000E+00  0.000E+00 
so4_a3        0.000E+00  0.000E+00     0.000E+00  0.000E+00     0.000E+00  0.000E+00     0.000E+00  0.000E+00 
num_a3        0.000E+00  0.000E+00     0.000E+00  0.000E+00     0.000E+00  0.000E+00     0.000E+00  0.000E+00 
pom_a4        2.038E-10  2.038E-10     1.529E-10  1.529E-10     1.019E-10  1.019E-10     6.021E-11  6.021E-11 
bc_a4         2.265E-11  2.265E-11     1.699E-11  1.699E-11     1.132E-11  1.132E-11     6.690E-12  6.690E-12 
num_a4        8.626E+09  8.626E+09     6.469E+09  6.469E+09     4.313E+09  4.313E+09     2.548E+09  2.548E+09 
so4_c1        2.230E-09  3.957E-09*    1.784E-09  3.166E-09*    1.338E-09  2.374E-09*    8.920E-10  1.583E-09*
pom_c1        0.000E+00  0.000E+00     0.000E+00  0.000E+00     0.000E+00  0.000E+00     0.000E+00  0.000E+00 
soa_c1        0.000E+00  0.000E+00     0.000E+00  0.000E+00     0.000E+00  0.000E+00     0.000E+00  0.000E+00 
bc_c1         0.000E+00  0.000E+00     0.000E+00  0.000E+00     0.000E+00  0.000E+00     0.000E+00  0.000E+00 
ncl_c1        0.000E+00  0.000E+00     0.000E+00  0.000E+00     0.000E+00  0.000E+00     0.000E+00  0.000E+00 
dst_c1        0.000E+00  0.000E+00     0.000E+00  0.000E+00     0.000E+00  0.000E+00     0.000E+00  0.000E+00 
num_c1        5.261E+05  5.261E+05     4.209E+05  4.209E+05     3.157E+05  3.157E+05     2.104E+05  2.104E+05 
so4_c2        0.000E+00  0.000E+00     0.000E+00  0.000E+00     0.000E+00  0.000E+00     0.000E+00  0.000E+00 
soa_c2        0.000E+00  0.000E+00     0.000E+00  0.000E+00     0.000E+00  0.000E+00     0.000E+00  0.000E+00 
ncl_c2        0.000E+00  0.000E+00     0.000E+00  0.000E+00     0.000E+00  0.000E+00     0.000E+00  0.000E+00 
num_c2        0.000E+00  0.000E+00     0.000E+00  0.000E+00     0.000E+00  0.000E+00     0.000E+00  0.000E+00 
dst_c3        0.000E+00  0.000E+00     0.000E+00  0.000E+00     0.000E+00  0.000E+00     0.000E+00  0.000E+00 
ncl_c3        0.000E+00  0.000E+00     0.000E+00  0.000E+00     0.000E+00  0.000E+00     0.000E+00  0.000E+00 
so4_c3        0.000E+00  0.000E+00     0.000E+00  0.000E+00     0.000E+00  0.000E+00     0.000E+00  0.000E+00 
num_c3        0.000E+00  0.000E+00     0.000E+00  0.000E+00     0.000E+00  0.000E+00     0.000E+00  0.000E+00 
pom_c4        0.000E+00  0.000E+00     0.000E+00  0.000E+00     0.000E+00  0.000E+00     0.000E+00  0.000E+00 
bc_c4         0.000E+00  0.000E+00     0.000E+00  0.000E+00     0.000E+00  0.000E+00     0.000E+00  0.000E+00 
num_c4        0.000E+00  0.000E+00     0.000E+00  0.000E+00     0.000E+00  0.000E+00     0.000E+00  0.000E+00 

gaex        2      10
H2O2          0.000E+00  0.000E+00     0.000E+00  0.000E+00     0.000E+00  0.000E+00     0.000E+00  0.000E+00 
H2SO4         1.853E-11  5.446E-16*    1.483E-11  7.107E-12*    1.112E-11  7.848E-16*    7.414E-12  6.486E-16*
SO2           6.000E-09  6.000E-09     4.800E-09  4.800E-09     3.600E-09  3.600E-09     2.400E-09  2.400E-09 
DMS           0.000E+00  0.000E+00     0.000E+00  0.000E+00     0.000E+00  0.000E+00     0.000E+00  0.000E+00 
SOAG          2.614E-10  1.906E-10*    2.130E-10  1.571E-10*    1.690E-10  1.390E-10*    1.178E-10  1.086E-10*
so4_a1        6.690E-12  1.022E-11*    3.646E-12  6.097E-12*    1.410E-12  2.368E-12*    2.875E-13  4.987E-13*
pom_a1        1.359E-10  2.174E-10*    1.019E-10  1.631E-10*    6.794E-11  1.087E-10*    2.472E-11  3.856E-11*
soa_a1        3.866E-11  5.913E-11*    2.707E-11  4.552E-11*    1.096E-11  1.950E-11*    2.249E-12  4.265E-12*
bc_a1         1.510E-11  2.416E-11*    1.132E-11  1.812E-11*    7.549E-12  1.208E-11*    2.747E-12  4.285E-12*
ncl_a1        0.000E+00  0.000E+00     0.000E+00  0.000E+00     0.000E+00  0.000E+00     0.000E+00  0.000E+00 
dst_a1        0.000E+00  0.000E+00     0.000E+00  0.000E+00     0.000E+00  0.000E+00     0.000E+00  0.000E+00 
num_a1        5.744E+09  9.187E+09*    4.309E+09  6.893E+09*    2.874E+09  4.598E+09*    1.046E+09  1.631E+09*
so4_a2        1.724E-11  3.224E-11*    1.192E-11  1.719E-11*    1.295E-11  2.311E-11*    9.283E-12  1.648E-11*
soa_a2        0.000E+00  5.039E-11*    0.000E+00  3.750E-11*    0.000E+00  2.150E-11*    0.000E+00  7.161E-12*
ncl_a2        0.000E+00  0.000E+00     0.000E+00  0.000E+00     0.000E+00  0.000E+00     0.000E+00  0.000E+00 
num_a2        7.649E+11  9.821E+11*    5.593E+11  5.643E+11*    6.164E+11  9.866E+11*    4.684E+11  7.958E+11*
dst_a3        0.000E+00  0.000E+00     0.000E+00  0.000E+00     0.000E+00  0.000E+00     0.000E+00  0.000E+00 
ncl_a3        0.000E+00  0.000E+00     0.000E+00  0.000E+00     0.000E+00  0.000E+00     0.000E+00  0.000E+00 
so4_a3        0.000E+00  0.000E+00     0.000E+00  0.000E+00     0.000E+00  0.000E+00     0.000E+00  0.000E+00 
num_a3        0.000E+00  0.000E+00     0.000E+00  0.000E+00     0.000E+00  0.000E+00     0.000E+00  0.000E+00 
pom_a4        2.038E-10  1.223E-10*    1.529E-10  9.172E-11*    1.019E-10  6.115E-11*    6.021E-11  4.637E-11*
bc_a4         2.265E-11  1.359E-11*    1.699E-11  1.019E-11*    1.132E-11  6.794E-12*    6.690E-12  5.152E-12*
num_a4        8.626E+09  5.176E+09*    6.469E+09  3.882E+09*    4.313E+09  2.588E+09*    2.548E+09  1.962E+09*
so4_c1        3.957E-09  3.957E-09     3.166E-09  3.166E-09     2.374E-09  2.374E-09     1.583E-09  1.583E-09 
pom_c1        0.000E+00  0.000E+00     0.000E+00  0.000E+00     0.000E+00  0.000E+00     0.000E+00  0.000E+00 
soa_c1        0.000E+00  0.000E+00     0.000E+00  0.000E+00     0.000E+00  0.000E+00     0.000E+00  0.000E+00 
bc_c1         0.000E+00  0.000E+00     0.000E+00  0.000E+00     0.000E+00  0.000E+00     0.000E+00  0.000E+00 
ncl_c1        0.000E+00  0.000E+00     0.000E+00  0.000E+00     0.000E+00  0.000E+00     0.000E+00  0.000E+00 
dst_c1        0.000E+00  0.000E+00     0.000E+00  0.000E+00     0.000E+00  0.000E+00     0.000E+00  0.000E+00 
num_c1        5.261E+05  5.261E+05     4.209E+05  4.209E+05     3.157E+05  3.157E+05     2.104E+05  2.104E+05 
so4_c2        0.000E+00  0.000E+00     0.000E+00  0.000E+00     0.000E+00  0.000E+00     0.000E+00  0.000E+00 
soa_c2        0.000E+00  0.000E+00     0.000E+00  0.000E+00     0.000E+00  0.000E+00     0.000E+00  0.000E+00 
ncl_c2        0.000E+00  0.000E+00     0.000E+00  0.000E+00     0.000E+00  0.000E+00     0.000E+00  0.000E+00 
num_c2        0.000E+00  0.000E+00     0.000E+00  0.000E+00     0.000E+00  0.000E+00     0.000E+00  0.000E+00 
dst_c3        0.000E+00  0.000E+00     0.000E+00  0.000E+00     0.000E+00  0.000E+00     0.000E+00  0.000E+00 
ncl_c3        0.000E+00  0.000E+00     0.000E+00  0.000E+00     0.000E+00  0.000E+00     0.000E+00  0.000E+00 
so4_c3        0.000E+00  0.000E+00     0.000E+00  0.000E+00     0.000E+00  0.000E+00     0.000E+00  0.000E+00 
num_c3        0.000E+00  0.000E+00     0.000E+00  0.000E+00     0.000E+00  0.000E+00     0.000E+00  0.000E+00 
pom_c4        0.000E+00  0.000E+00     0.000E+00  0.000E+00     0.000E+00  0.000E+00     0.000E+00  0.000E+00 
bc_c4         0.000E+00  0.000E+00     0.000E+00  0.000E+00     0.000E+00  0.000E+00     0.000E+00  0.000E+00 
num_c4        0.000E+00  0.000E+00     0.000E+00  0.000E+00     0.000E+00  0.000E+00     0.000E+00  0.000E+00 
mdo_gasch, cldch, gaex, rename, newnuc, coag    1    1    1    1    1    1
mopt_h2so4_uptake, gaexch_h2so4_uptake_flagaa, newnuc_h2so4_conc_flagaa, mosaic    1    2    2    F
mopt_aero_comp, aero_load, ait_size   11   72    2
deltat, xopt_cloudf   1800.000000      0.600000

gasch       3      10
H2O2          0.000E+00  0.000E+00     0.000E+00  0.000E+00     0.000E+00  0.000E+00     0.000E+00  0.000E+00 
H2SO4         5.446E-16  3.589E-11*    7.107E-12  2.871E-11*    7.848E-16  2.154E-11*    6.486E-16  1.436E-11*
SO2           6.000E-09  5.964E-09*    4.800E-09  4.771E-09*    3.600E-09  3.579E-09*    2.400E-09  2.386E-09*
DMS           0.000E+00  0.000E+00     0.000E+00  0.000E+00     0.000E+00  0.000E+00     0.000E+00  0.000E+00 
SOAG          1.906E-10  1.906E-10     1.571E-10  1.571E-10     1.390E-10  1.390E-10     1.086E-10  1.086E-10 
so4_a1        1.022E-11  1.022E-11     6.097E-12  6.097E-12     2.368E-12  2.368E-12     4.987E-13  4.987E-13 
pom_a1        2.174E-10  2.174E-10     1.631E-10  1.631E-10     1.087E-10  1.087E-10     3.856E-11  3.856E-11 
soa_a1        5.913E-11  5.913E-11     4.552E-11  4.552E-11     1.950E-11  1.950E-11     4.265E-12  4.265E-12 
bc_a1         2.416E-11  2.416E-11     1.812E-11  1.812E-11     1.208E-11  1.208E-11     4.285E-12  4.285E-12 
ncl_a1        0.000E+00  0.000E+00     0.000E+00  0.000E+00     0.000E+00  0.000E+00     0.000E+00  0.000E+00 
dst_a1        0.000E+00  0.000E+00     0.000E+00  0.000E+00     0.000E+00  0.000E+00     0.000E+00  0.000E+00 
num_a1        9.187E+09  9.187E+09     6.893E+09  6.893E+09     4.597E+09  4.597E+09     1.631E+09  1.631E+09 
so4_a2        3.224E-11  3.224E-11     1.719E-11  1.719E-11     2.311E-11  2.311E-11     1.648E-11  1.648E-11 
soa_a2        5.039E-11  5.039E-11     3.750E-11  3.750E-11     2.150E-11  2.150E-11     7.161E-12  7.161E-12 
ncl_a2        0.000E+00  0.000E+00     0.000E+00  0.000E+00     0.000E+00  0.000E+00     0.000E+00  0.000E+00 
num_a2        9.821E+11  9.821E+11     5.643E+11  5.643E+11     9.866E+11  9.866E+11     7.958E+11  7.958E+11 
dst_a3        0.000E+00  0.000E+00     0.000E+00  0.000E+00     0.000E+00  0.000E+00     0.000E+00  0.000E+00 
ncl_a3        0.000E+00  0.000E+00     0.000E+00  0.000E+00     0.000E+00  0.000E+00     0.000E+00  0.000E+00 
so4_a3        0.000E+00  0.000E+00     0.000E+00  0.000E+00     0.000E+00  0.000E+00     0.000E+00  0.000E+00 
num_a3        0.000E+00  0.000E+00     0.000E+00  0.000E+00     0.000E+00  0.000E+00     0.000E+00  0.000E+00 
pom_a4        1.223E-10  1.223E-10     9.172E-11  9.172E-11     6.115E-11  6.115E-11     4.637E-11  4.637E-11 
bc_a4         1.359E-11  1.359E-11     1.019E-11  1.019E-11     6.794E-12  6.794E-12     5.152E-12  5.152E-12 
num_a4        5.176E+09  5.176E+09     3.882E+09  3.882E+09     2.588E+09  2.588E+09     1.962E+09  1.962E+09 
so4_c1        3.957E-09  3.957E-09     3.166E-09  3.166E-09     2.374E-09  2.374E-09     1.583E-09  1.583E-09 
pom_c1        0.000E+00  0.000E+00     0.000E+00  0.000E+00     0.000E+00  0.000E+00     0.000E+00  0.000E+00 
soa_c1        0.000E+00  0.000E+00     0.000E+00  0.000E+00     0.000E+00  0.000E+00     0.000E+00  0.000E+00 
bc_c1         0.000E+00  0.000E+00     0.000E+00  0.000E+00     0.000E+00  0.000E+00     0.000E+00  0.000E+00 
ncl_c1        0.000E+00  0.000E+00     0.000E+00  0.000E+00     0.000E+00  0.000E+00     0.000E+00  0.000E+00 
dst_c1        0.000E+00  0.000E+00     0.000E+00  0.000E+00     0.000E+00  0.000E+00     0.000E+00  0.000E+00 
num_c1        1.449E+06  1.449E+06     1.159E+06  1.159E+06     8.692E+05  8.692E+05     5.795E+05  5.795E+05 
so4_c2        0.000E+00  0.000E+00     0.000E+00  0.000E+00     0.000E+00  0.000E+00     0.000E+00  0.000E+00 
soa_c2        0.000E+00  0.000E+00     0.000E+00  0.000E+00     0.000E+00  0.000E+00     0.000E+00  0.000E+00 
ncl_c2        0.000E+00  0.000E+00     0.000E+00  0.000E+00     0.000E+00  0.000E+00     0.000E+00  0.000E+00 
num_c2        0.000E+00  0.000E+00     0.000E+00  0.000E+00     0.000E+00  0.000E+00     0.000E+00  0.000E+00 
dst_c3        0.000E+00  0.000E+00     0.000E+00  0.000E+00     0.000E+00  0.000E+00     0.000E+00  0.000E+00 
ncl_c3        0.000E+00  0.000E+00     0.000E+00  0.000E+00     0.000E+00  0.000E+00     0.000E+00  0.000E+00 
so4_c3        0.000E+00  0.000E+00     0.000E+00  0.000E+00     0.000E+00  0.000E+00     0.000E+00  0.000E+00 
num_c3        0.000E+00  0.000E+00     0.000E+00  0.000E+00     0.000E+00  0.000E+00     0.000E+00  0.000E+00 
pom_c4        0.000E+00  0.000E+00     0.000E+00  0.000E+00     0.000E+00  0.000E+00     0.000E+00  0.000E+00 
bc_c4         0.000E+00  0.000E+00     0.000E+00  0.000E+00     0.000E+00  0.000E+00     0.000E+00  0.000E+00 
num_c4        0.000E+00  0.000E+00     0.000E+00  0.000E+00     0.000E+00  0.000E+00     0.000E+00  0.000E+00 

cldch       3      10
H2O2          0.000E+00  0.000E+00     0.000E+00  0.000E+00     0.000E+00  0.000E+00     0.000E+00  0.000E+00 
H2SO4         3.589E-11  1.436E-11*    2.871E-11  1.149E-11*    2.154E-11  8.614E-12*    1.436E-11  5.743E-12*
SO2           5.964E-09  4.648E-09*    4.771E-09  3.718E-09*    3.579E-09  2.789E-09*    2.386E-09  1.859E-09*
DMS           0.000E+00  0.000E+00     0.000E+00  0.000E+00     0.000E+00  0.000E+00     0.000E+00  0.000E+00 
SOAG          1.906E-10  1.906E-10     1.571E-10  1.571E-10     1.390E-10  1.390E-10     1.086E-10  1.086E-10 
so4_a1        1.022E-11  1.022E-11     6.097E-12  6.097E-12     2.368E-12  2.368E-12     4.987E-13  4.987E-13 
pom_a1        2.174E-10  2.174E-10     1.631E-10  1.631E-10     1.087E-10  1.087E-10     3.856E-11  3.856E-11 
soa_a1        5.913E-11  5.913E-11     4.552E-11  4.552E-11     1.950E-11  1.950E-11     4.265E-12  4.265E-12 
bc_a1         2.416E-11  2.416E-11     1.812E-11  1.812E-11     1.208E-11  1.208E-11     4.285E-12  4.285E-12 
ncl_a1        0.000E+00  0.000E+00     0.000E+00  0.000E+00     0.000E+00  0.000E+00     0.000E+00  0.000E+00 
dst_a1        0.000E+00  0.000E+00     0.000E+00  0.000E+00     0.000E+00  0.000E+00     0.000E+00  0.000E+00 
num_a1        9.187E+09  9.187E+09     6.893E+09  6.893E+09     4.597E+09  4.597E+09     1.631E+09  1.631E+09 
so4_a2        3.224E-11  3.224E-11     1.719E-11  1.719E-11     2.311E-11  2.311E-11     1.648E-11  1.648E-11 
soa_a2        5.039E-11  5.039E-11     3.750E-11  3.750E-11     2.150E-11  2.150E-11     7.161E-12  7.161E-12 
ncl_a2        0.000E+00  0.000E+00     0.000E+00  0.000E+00     0.000E+00  0.000E+00     0.000E+00  0.000E+00 
num_a2        9.821E+11  9.821E+11     5.643E+11  5.643E+11     9.866E+11  9.866E+11     7.958E+11  7.958E+11 
dst_a3        0.000E+00  0.000E+00     0.000E+00  0.000E+00     0.000E+00  0.000E+00     0.000E+00  0.000E+00 
ncl_a3        0.000E+00  0.000E+00     0.000E+00  0.000E+00     0.000E+00  0.000E+00     0.000E+00  0.000E+00 
so4_a3        0.000E+00  0.000E+00     0.000E+00  0.000E+00     0.000E+00  0.000E+00     0.000E+00  0.000E+00 
num_a3        0.000E+00  0.000E+00     0.000E+00  0.000E+00     0.000E+00  0.000E+00     0.000E+00  0.000E+00 
pom_a4        1.223E-10  1.223E-10     9.172E-11  9.172E-11     6.115E-11  6.115E-11     4.637E-11  4.637E-11 
bc_a4         1.359E-11  1.359E-11     1.019E-11  1.019E-11     6.794E-12  6.794E-12     5.152E-12  5.152E-12 
num_a4        5.176E+09  5.176E+09     3.882E+09  3.882E+09     2.588E+09  2.588E+09     1.962E+09  1.962E+09 
so4_c1        3.957E-09  5.295E-09*    3.166E-09  4.236E-09*    2.374E-09  3.177E-09*    1.583E-09  2.118E-09*
pom_c1        0.000E+00  0.000E+00     0.000E+00  0.000E+00     0.000E+00  0.000E+00     0.000E+00  0.000E+00 
soa_c1        0.000E+00  0.000E+00     0.000E+00  0.000E+00     0.000E+00  0.000E+00     0.000E+00  0.000E+00 
bc_c1         0.000E+00  0.000E+00     0.000E+00  0.000E+00     0.000E+00  0.000E+00     0.000E+00  0.000E+00 
ncl_c1        0.000E+00  0.000E+00     0.000E+00  0.000E+00     0.000E+00  0.000E+00     0.000E+00  0.000E+00 
dst_c1        0.000E+00  0.000E+00     0.000E+00  0.000E+00     0.000E+00  0.000E+00     0.000E+00  0.000E+00 
num_c1        1.449E+06  1.449E+06     1.159E+06  1.159E+06     8.692E+05  8.692E+05     5.795E+05  5.795E+05 
so4_c2        0.000E+00  0.000E+00     0.000E+00  0.000E+00     0.000E+00  0.000E+00     0.000E+00  0.000E+00 
soa_c2        0.000E+00  0.000E+00     0.000E+00  0.000E+00     0.000E+00  0.000E+00     0.000E+00  0.000E+00 
ncl_c2        0.000E+00  0.000E+00     0.000E+00  0.000E+00     0.000E+00  0.000E+00     0.000E+00  0.000E+00 
num_c2        0.000E+00  0.000E+00     0.000E+00  0.000E+00     0.000E+00  0.000E+00     0.000E+00  0.000E+00 
dst_c3        0.000E+00  0.000E+00     0.000E+00  0.000E+00     0.000E+00  0.000E+00     0.000E+00  0.000E+00 
ncl_c3        0.000E+00  0.000E+00     0.000E+00  0.000E+00     0.000E+00  0.000E+00     0.000E+00  0.000E+00 
so4_c3        0.000E+00  0.000E+00     0.000E+00  0.000E+00     0.000E+00  0.000E+00     0.000E+00  0.000E+00 
num_c3        0.000E+00  0.000E+00     0.000E+00  0.000E+00     0.000E+00  0.000E+00     0.000E+00  0.000E+00 
pom_c4        0.000E+00  0.000E+00     0.000E+00  0.000E+00     0.000E+00  0.000E+00     0.000E+00  0.000E+00 
bc_c4         0.000E+00  0.000E+00     0.000E+00  0.000E+00     0.000E+00  0.000E+00     0.000E+00  0.000E+00 
num_c4        0.000E+00  0.000E+00     0.000E+00  0.000E+00     0.000E+00  0.000E+00     0.000E+00  0.000E+00 

gaex        3      10
H2O2          0.000E+00  0.000E+00     0.000E+00  0.000E+00     0.000E+00  0.000E+00     0.000E+00  0.000E+00 
H2SO4         1.436E-11  2.612E-16*    1.149E-11  4.130E-12*    8.614E-12  4.961E-16*    5.743E-12  4.617E-16*
SO2           4.648E-09  4.648E-09     3.718E-09  3.718E-09     2.789E-09  2.789E-09     1.859E-09  1.859E-09 
DMS           0.000E+00  0.000E+00     0.000E+00  0.000E+00     0.000E+00  0.000E+00     0.000E+00  0.000E+00 
SOAG          1.906E-10  1.428E-10*    1.571E-10  1.099E-10*    1.390E-10  1.045E-10*    1.086E-10  9.550E-11*
so4_a1        1.022E-11  1.234E-11*    6.097E-12  7.972E-12*    2.368E-12  3.033E-12*    4.987E-13  6.559E-13*
pom_a1        2.174E-10  2.585E-10*    1.631E-10  1.998E-10*    1.087E-10  1.299E-10*    3.856E-11  4.692E-11*
soa_a1        5.913E-11  7.092E-11*    4.552E-11  5.768E-11*    1.950E-11  2.555E-11*    4.265E-12  6.006E-12*
bc_a1         2.416E-11  2.872E-11*    1.812E-11  2.220E-11*    1.208E-11  1.443E-11*    4.285E-12  5.213E-12*
ncl_a1        0.000E+00  0.000E+00     0.000E+00  0.000E+00     0.000E+00  0.000E+00     0.000E+00  0.000E+00 
dst_a1        0.000E+00  0.000E+00     0.000E+00  0.000E+00     0.000E+00  0.000E+00     0.000E+00  0.000E+00 
num_a1        9.187E+09  1.092E+10*    6.893E+09  8.442E+09*    4.597E+09  5.491E+09*    1.631E+09  1.984E+09*
so4_a2        3.224E-11  4.448E-11*    1.719E-11  2.267E-11*    2.311E-11  3.106E-11*    1.648E-11  2.207E-11*
soa_a2        5.039E-11  8.644E-11*    3.750E-11  7.256E-11*    2.150E-11  4.998E-11*    7.161E-12  1.852E-11*
ncl_a2        0.000E+00  0.000E+00     0.000E+00  0.000E+00     0.000E+00  0.000E+00     0.000E+00  0.000E+00 
num_a2        9.821E+11  1.061E+12*    5.643E+11  5.550E+11*    9.866E+11  1.202E+12*    7.958E+11  1.021E+12*
dst_a3        0.000E+00  0.000E+00     0.000E+00  0.000E+00     0.000E+00  0.000E+00     0.000E+00  0.000E+00 
ncl_a3        0.000E+00  0.000E+00     0.000E+00  0.000E+00     0.000E+00  0.000E+00     0.000E+00  0.000E+00 
so4_a3        0.000E+00  0.000E+00     0.000E+00  0.000E+00     0.000E+00  0.000E+00     0.000E+00  0.000E+00 
num_a3        0.000E+00  0.000E+00     0.000E+00  0.000E+00     0.000E+00  0.000E+00     0.000E+00  0.000E+00 
pom_a4        1.223E-10  8.124E-11*    9.172E-11  5.503E-11*    6.115E-11  4.000E-11*    4.637E-11  3.801E-11*
bc_a4         1.359E-11  9.027E-12*    1.019E-11  6.115E-12*    6.794E-12  4.444E-12*    5.152E-12  4.223E-12*
num_a4        5.176E+09  3.438E+09*    3.882E+09  2.329E+09*    2.588E+09  1.693E+09*    1.962E+09  1.608E+09*
so4_c1        5.295E-09  5.295E-09     4.236E-09  4.236E-09     3.177E-09  3.177E-09     2.118E-09  2.118E-09 
pom_c1        0.000E+00  0.000E+00     0.000E+00  0.000E+00     0.000E+00  0.000E+00     0.000E+00  0.000E+00 
soa_c1        0.000E+00  0.000E+00     0.000E+00  0.000E+00     0.000E+00  0.000E+00     0.000E+00  0.000E+00 
bc_c1         0.000E+00  0.000E+00     0.000E+00  0.000E+00     0.000E+00  0.000E+00     0.000E+00  0.000E+00 
ncl_c1        0.000E+00  0.000E+00     0.000E+00  0.000E+00     0.000E+00  0.000E+00     0.000E+00  0.000E+00 
dst_c1        0.000E+00  0.000E+00     0.000E+00  0.000E+00     0.000E+00  0.000E+00     0.000E+00  0.000E+00 
num_c1        1.449E+06  1.449E+06     1.159E+06  1.159E+06     8.692E+05  8.692E+05     5.795E+05  5.795E+05 
so4_c2        0.000E+00  0.000E+00     0.000E+00  0.000E+00     0.000E+00  0.000E+00     0.000E+00  0.000E+00 
soa_c2        0.000E+00  0.000E+00     0.000E+00  0.000E+00     0.000E+00  0.000E+00     0.000E+00  0.000E+00 
ncl_c2        0.000E+00  0.000E+00     0.000E+00  0.000E+00     0.000E+00  0.000E+00     0.000E+00  0.000E+00 
num_c2        0.000E+00  0.000E+00     0.000E+00  0.000E+00     0.000E+00  0.000E+00     0.000E+00  0.000E+00 
dst_c3        0.000E+00  0.000E+00     0.000E+00  0.000E+00     0.000E+00  0.000E+00     0.000E+00  0.000E+00 
ncl_c3        0.000E+00  0.000E+00     0.000E+00  0.000E+00     0.000E+00  0.000E+00     0.000E+00  0.000E+00 
so4_c3        0.000E+00  0.000E+00     0.000E+00  0.000E+00     0.000E+00  0.000E+00     0.000E+00  0.000E+00 
num_c3        0.000E+00  0.000E+00     0.000E+00  0.000E+00     0.000E+00  0.000E+00     0.000E+00  0.000E+00 
pom_c4        0.000E+00  0.000E+00     0.000E+00  0.000E+00     0.000E+00  0.000E+00     0.000E+00  0.000E+00 
bc_c4         0.000E+00  0.000E+00     0.000E+00  0.000E+00     0.000E+00  0.000E+00     0.000E+00  0.000E+00 
num_c4        0.000E+00  0.000E+00     0.000E+00  0.000E+00     0.000E+00  0.000E+00     0.000E+00  0.000E+00 
