
k, zm, pmid, tc, pblh, cld, relhum, qv, so2, accum num & so4, aitken num & so4 icol=1

   1  7.50E+00  3.00E+02 -3.39E+01  1.10E+00  6.00E-01  8.00E-01  4.17E-01  8.85E+00  0.00E+00  0.00E+00  0.00E+00  0.00E+00

   2  4.50E+00  5.50E+02 -1.44E+01  1.10E+00  6.00E-01  8.40E-01  1.73E+00  1.33E+01  0.00E+00  0.00E+00  0.00E+00  0.00E+00

   3  2.00E+00  8.00E+02  1.84E+00  1.10E+00  6.00E-01  8.80E-01  4.79E+00  1.77E+01  0.00E+00  0.00E+00  0.00E+00  0.00E+00

   4  5.00E-01  9.50E+02  1.16E+01  1.10E+00  6.00E-01  9.60E-01  8.63E+00  2.21E+01  0.00E+00  0.00E+00  0.00E+00  0.00E+00

cambox_do_run doing calcsize, istep=       1
calcsize tend = 0 for all species
k, accum num, so4, dgncur_a, same for aitken  (#/mg,  ug/kg,  nm)
   1    0.0000E+00  0.0000E+00  1.1000E+02    0.0000E+00  0.0000E+00  2.6000E+01
   2    0.0000E+00  0.0000E+00  1.1000E+02    0.0000E+00  0.0000E+00  2.6000E+01
   3    0.0000E+00  0.0000E+00  1.1000E+02    0.0000E+00  0.0000E+00  2.6000E+01
   4    0.0000E+00  0.0000E+00  1.1000E+02    0.0000E+00  0.0000E+00  2.6000E+01

cambox_do_run doing wateruptake, istep=       1
watruptk tend = 0 for all species
k, accum num, so4, watr, dgncur_a, dgncur_awet, wetdens  (#/mg,  ug/kg,  nm)
   1    0.0000E+00  0.0000E+00  0.0000E+00    1.1000E+02  1.1000E+02  1.0000E-03
   2    0.0000E+00  0.0000E+00  0.0000E+00    1.1000E+02  1.1240E+02  6.3671E-02
   3    0.0000E+00  0.0000E+00  0.0000E+00    1.1000E+02  1.4044E+02  5.1992E-01
   4    0.0000E+00  0.0000E+00  0.0000E+00    1.1000E+02  1.9472E+02  8.1990E-01
k, aitken num, so4, watr, dgncur_a, dgncur_awet, wetdens  (#/mg,  ug/kg,  nm)
   1    0.0000E+00  0.0000E+00  0.0000E+00    2.6000E+01  2.6000E+01  1.0000E-03
   2    0.0000E+00  0.0000E+00  0.0000E+00    2.6000E+01  2.6541E+01  6.0818E-02
   3    0.0000E+00  0.0000E+00  0.0000E+00    2.6000E+01  3.2602E+01  4.9330E-01
   4    0.0000E+00  0.0000E+00  0.0000E+00    2.6000E+01  4.2954E+01  7.7845E-01

cambox_do_run doing gaschem simple, istep=       1
k, old & new so2, old & new h2so4  (ppbv)
   1    4.0000E+00  3.9761E+00    0.0000E+00  2.3928E-02
   2    6.0000E+00  5.9641E+00    0.0000E+00  3.5892E-02
   3    8.0000E+00  7.9521E+00    0.0000E+00  4.7856E-02
   4    1.0000E+01  9.9402E+00    0.0000E+00  5.9820E-02

cambox_do_run doing cloudchem simple, istep=       1
k, old & new so2, ... h2so4, ... so4_c1, ... so4_c2  (ppbv)
   1    3.9761E+00  3.0984E+00    2.3928E-02  9.5713E-03    0.0000E+00  8.9199E-01    0.0000E+00  0.0000E+00
   2    5.9641E+00  4.6477E+00    3.5892E-02  1.4357E-02    0.0000E+00  1.3380E+00    0.0000E+00  0.0000E+00
   3    7.9521E+00  6.1969E+00    4.7856E-02  1.9143E-02    0.0000E+00  1.7840E+00    0.0000E+00  0.0000E+00
   4    9.9402E+00  7.7461E+00    5.9820E-02  2.3928E-02    0.0000E+00  2.2300E+00    0.0000E+00  0.0000E+00

cambox_do_run doing gasaerexch, istep=       1
k, old & new h2so4, old & new so4_a1, old & new so4_a2  (ppbv)
   1    9.5713E-03  9.2868E-07    0.0000E+00  2.8752E-04    0.0000E+00  9.2828E-03
   2    1.4357E-02  1.2958E-06    0.0000E+00  1.4104E-03    0.0000E+00  1.2945E-02
   3    1.9143E-02  3.5736E-03    0.0000E+00  3.6463E-03    0.0000E+00  1.1923E-02
   4    2.3928E-02  1.7276E-06    0.0000E+00  6.6902E-03    0.0000E+00  1.7236E-02

cambox_do_run step done, istep=       1

i, k, told, tnew (h)   10    1     0.000     0.500
spec              qold       qnew         del-gas   del-cloud del-rena    del-cond  del-nuc   del-coag
H2SO4             0.000E+00  9.287E-07    2.39E-02 -1.44E-02  0.00E+00   -2.84E-04 -9.29E-03  0.00E+00
SO2               4.000E+00  3.098E+00   -2.39E-02 -8.78E-01  0.00E+00    0.00E+00  0.00E+00  0.00E+00
SOAG              1.200E-01  1.178E-01    0.00E+00  0.00E+00  0.00E+00   -2.25E-03  0.00E+00  0.00E+00
so4_a1            0.000E+00  2.875E-04    0.00E+00  0.00E+00  0.00E+00    2.84E-04  0.00E+00  3.08E-06
pom_a1            0.000E+00  2.472E-02    0.00E+00  0.00E+00  0.00E+00    2.45E-02  0.00E+00  1.89E-04
soa_a1            0.000E+00  2.249E-03    0.00E+00  0.00E+00  0.00E+00    2.25E-03  0.00E+00  0.00E+00
bc_a1             0.000E+00  2.747E-03    0.00E+00  0.00E+00  0.00E+00    2.73E-03  0.00E+00  2.10E-05
num_a1            0.000E+00  3.638E+01    0.00E+00  0.00E+00  0.00E+00    3.61E+01  0.00E+00  2.79E-01
so4_a2            0.000E+00  9.283E-03    0.00E+00  0.00E+00  0.00E+00    0.00E+00  9.29E-03 -3.08E-06
num_a2            0.000E+00  1.629E+04    0.00E+00  0.00E+00  0.00E+00    0.00E+00  1.72E+04 -8.97E+02
pom_a4            8.493E-02  6.021E-02    0.00E+00  0.00E+00  0.00E+00   -2.45E-02  0.00E+00 -1.89E-04
bc_a4             9.437E-03  6.690E-03    0.00E+00  0.00E+00  0.00E+00   -2.73E-03  0.00E+00 -2.10E-05
num_a4            1.250E+02  8.862E+01    0.00E+00  0.00E+00  0.00E+00   -3.61E+01  0.00E+00 -2.87E-01
so4_c1            0.000E+00  8.920E-01    0.00E+00  8.92E-01  0.00E+00    0.00E+00  0.00E+00  0.00E+00
sox_tot           4.000E+00  4.000E+00    0.00E+00
nhx_tot           0.000E+00  0.000E+00    0.00E+00
soa1_tot          1.200E-01  1.200E-01    2.06E-06

i, k, told, tnew (h)   10    2     0.000     0.500
spec              qold       qnew         del-gas   del-cloud del-rena    del-cond  del-nuc   del-coag
H2SO4             0.000E+00  1.296E-06    3.59E-02 -2.15E-02  0.00E+00   -1.40E-03 -1.30E-02  0.00E+00
SO2               6.000E+00  4.648E+00   -3.59E-02 -1.32E+00  0.00E+00    0.00E+00  0.00E+00  0.00E+00
SOAG              1.800E-01  1.690E-01    0.00E+00  0.00E+00  0.00E+00   -1.10E-02  0.00E+00  0.00E+00
so4_a1            0.000E+00  1.410E-03    0.00E+00  0.00E+00  0.00E+00    1.40E-03  0.00E+00  1.17E-05
pom_a1            0.000E+00  6.794E-02    0.00E+00  0.00E+00  0.00E+00    6.75E-02  0.00E+00  4.04E-04
soa_a1            0.000E+00  1.096E-02    0.00E+00  0.00E+00  0.00E+00    1.10E-02  0.00E+00  0.00E+00
bc_a1             0.000E+00  7.549E-03    0.00E+00  0.00E+00  0.00E+00    7.50E-03  0.00E+00  4.49E-05
num_a1            0.000E+00  9.996E+01    0.00E+00  0.00E+00  0.00E+00    9.94E+01  0.00E+00  5.95E-01
so4_a2            0.000E+00  1.295E-02    0.00E+00  0.00E+00  0.00E+00    0.00E+00  1.30E-02 -1.17E-05
num_a2            0.000E+00  2.144E+04    0.00E+00  0.00E+00  0.00E+00    0.00E+00  2.40E+04 -2.54E+03
pom_a4            1.699E-01  1.019E-01    0.00E+00  0.00E+00  0.00E+00   -6.75E-02  0.00E+00 -4.04E-04
bc_a4             1.887E-02  1.132E-02    0.00E+00  0.00E+00  0.00E+00   -7.50E-03  0.00E+00 -4.49E-05
num_a4            2.500E+02  1.500E+02    0.00E+00  0.00E+00  0.00E+00   -9.94E+01  0.00E+00 -6.38E-01
so4_c1            0.000E+00  1.338E+00    0.00E+00  1.34E+00  0.00E+00    0.00E+00  0.00E+00  0.00E+00
sox_tot           6.000E+00  6.000E+00    8.27E-16
nhx_tot           0.000E+00  0.000E+00    0.00E+00
soa1_tot          1.800E-01  1.800E-01    1.00E-05

i, k, told, tnew (h)   10    3     0.000     0.500
spec              qold       qnew         del-gas   del-cloud del-rena    del-cond  del-nuc   del-coag
H2SO4             0.000E+00  3.574E-03    4.79E-02 -2.87E-02  0.00E+00   -3.63E-03 -1.19E-02  0.00E+00
SO2               8.000E+00  6.197E+00   -4.79E-02 -1.76E+00  0.00E+00    0.00E+00  0.00E+00  0.00E+00
SOAG              2.400E-01  2.130E-01    0.00E+00  0.00E+00  0.00E+00   -2.70E-02  0.00E+00  0.00E+00
so4_a1            0.000E+00  3.646E-03    0.00E+00  0.00E+00  0.00E+00    3.63E-03  0.00E+00  1.83E-05
pom_a1            0.000E+00  1.019E-01    0.00E+00  0.00E+00  0.00E+00    1.02E-01  0.00E+00  3.71E-04
soa_a1            0.000E+00  2.707E-02    0.00E+00  0.00E+00  0.00E+00    2.71E-02  0.00E+00  0.00E+00
bc_a1             0.000E+00  1.132E-02    0.00E+00  0.00E+00  0.00E+00    1.13E-02  0.00E+00  4.13E-05
num_a1            0.000E+00  1.499E+02    0.00E+00  0.00E+00  0.00E+00    1.49E+02  0.00E+00  5.46E-01
so4_a2            0.000E+00  1.192E-02    0.00E+00  0.00E+00  0.00E+00    0.00E+00  1.19E-02 -1.83E-05
num_a2            0.000E+00  1.945E+04    0.00E+00  0.00E+00  0.00E+00    0.00E+00  2.21E+04 -2.65E+03
pom_a4            2.548E-01  1.529E-01    0.00E+00  0.00E+00  0.00E+00   -1.02E-01  0.00E+00 -3.71E-04
bc_a4             2.831E-02  1.699E-02    0.00E+00  0.00E+00  0.00E+00   -1.13E-02  0.00E+00 -4.13E-05
num_a4            3.750E+02  2.250E+02    0.00E+00  0.00E+00  0.00E+00   -1.49E+02  0.00E+00 -6.61E-01
so4_c1            0.000E+00  1.784E+00    0.00E+00  1.78E+00  0.00E+00    0.00E+00  0.00E+00  0.00E+00
sox_tot           8.000E+00  8.000E+00    0.00E+00
nhx_tot           0.000E+00  0.000E+00    0.00E+00
soa1_tot          2.400E-01  2.400E-01    2.48E-05

i, k, told, tnew (h)   10    4     0.000     0.500
spec              qold       qnew         del-gas   del-cloud del-rena    del-cond  del-nuc   del-coag
H2SO4             0.000E+00  1.728E-06    5.98E-02 -3.59E-02  0.00E+00   -6.65E-03 -1.73E-02  0.00E+00
SO2               1.000E+01  7.746E+00   -5.98E-02 -2.19E+00  0.00E+00    0.00E+00  0.00E+00  0.00E+00
SOAG              3.000E-01  2.614E-01    0.00E+00  0.00E+00  0.00E+00   -3.86E-02  0.00E+00  0.00E+00
so4_a1            0.000E+00  6.690E-03    0.00E+00  0.00E+00  0.00E+00    6.65E-03  0.00E+00  3.80E-05
pom_a1            0.000E+00  1.359E-01    0.00E+00  0.00E+00  0.00E+00    1.35E-01  0.00E+00  5.96E-04
soa_a1            0.000E+00  3.866E-02    0.00E+00  0.00E+00  0.00E+00    3.87E-02  0.00E+00  0.00E+00
bc_a1             0.000E+00  1.510E-02    0.00E+00  0.00E+00  0.00E+00    1.50E-02  0.00E+00  6.62E-05
num_a1            0.000E+00  1.998E+02    0.00E+00  0.00E+00  0.00E+00    1.99E+02  0.00E+00  8.76E-01
so4_a2            0.000E+00  1.724E-02    0.00E+00  0.00E+00  0.00E+00    0.00E+00  1.73E-02 -3.80E-05
num_a2            0.000E+00  2.660E+04    0.00E+00  0.00E+00  0.00E+00    0.00E+00  3.20E+04 -5.37E+03
pom_a4            3.397E-01  2.038E-01    0.00E+00  0.00E+00  0.00E+00   -1.35E-01  0.00E+00 -5.96E-04
bc_a4             3.775E-02  2.265E-02    0.00E+00  0.00E+00  0.00E+00   -1.50E-02  0.00E+00 -6.62E-05
num_a4            5.000E+02  3.000E+02    0.00E+00  0.00E+00  0.00E+00   -1.99E+02  0.00E+00 -1.10E+00
so4_c1            0.000E+00  2.230E+00    0.00E+00  2.23E+00  0.00E+00    0.00E+00  0.00E+00  0.00E+00
sox_tot           1.000E+01  1.000E+01    0.00E+00
nhx_tot           0.000E+00  0.000E+00    0.00E+00
soa1_tot          3.000E-01  3.000E-01    3.54E-05

cambox_do_run doing calcsize, istep=       2
calcsize tend > 0 for nspecies =      1
k, accum num, so4, dgncur_a, same for aitken  (#/mg,  ug/kg,  nm)
   1    3.6369E+01  1.1426E-03  5.1757E+01    1.6289E+04  3.6889E-02  9.6702E+00
   2    9.9946E+01  5.6046E-03  5.3402E+01    2.1438E+04  5.1443E-02  9.8586E+00
   3    1.4987E+02  1.4490E-02  5.5770E+01    1.9452E+04  4.7379E-02  9.9079E+00
   4    1.9976E+02  2.6586E-02  5.6873E+01    2.6602E+04  6.8495E-02  1.0093E+01

cambox_do_run doing wateruptake, istep=       2
watruptk tend = 0 for all species
k, accum num, so4, watr, dgncur_a, dgncur_awet, wetdens  (#/mg,  ug/kg,  nm)
   1    3.6369E+01  1.1426E-03  0.0000E+00    5.1757E+01  5.1757E+01  1.0773E+00
   2    9.9946E+01  5.6046E-03  3.2777E-04    5.3402E+01  5.3557E+01  1.0979E+00
   3    1.4987E+02  1.4490E-02  1.2612E-02    5.5770E+01  5.9194E+01  1.1069E+00
   4    1.9976E+02  2.6586E-02  8.3745E-02    5.6873E+01  7.0680E+01  1.0809E+00
k, aitken num, so4, watr, dgncur_a, dgncur_awet, wetdens  (#/mg,  ug/kg,  nm)
   1    1.6289E+04  3.6889E-02  0.0000E+00    9.6702E+00  9.6702E+00  1.7700E+00
   2    2.1438E+04  5.1443E-02  1.6826E-03    9.8586E+00  1.0045E+01  1.7279E+00
   3    1.9452E+04  4.7379E-02  2.1407E-02    9.9079E+00  1.2052E+01  1.4278E+00
   4    2.6602E+04  6.8495E-02  8.9437E-02    1.0093E+01  1.5043E+01  1.2325E+00

cambox_do_run doing gaschem simple, istep=       2
k, old & new so2, old & new h2so4  (ppbv)
   1    3.0984E+00  3.0799E+00    9.2868E-07  1.8535E-02
   2    4.6477E+00  4.6199E+00    1.2958E-06  2.7802E-02
   3    6.1969E+00  6.1598E+00    3.5736E-03  3.7070E-02
   4    7.7461E+00  7.6998E+00    1.7276E-06  4.6337E-02

cambox_do_run doing cloudchem simple, istep=       2
k, old & new so2, ... h2so4, ... so4_c1, ... so4_c2  (ppbv)
   1    3.0799E+00  2.4001E+00    1.8535E-02  7.4140E-03    8.9199E-01  1.5829E+00    0.0000E+00  0.0000E+00
   2    4.6199E+00  3.6001E+00    2.7802E-02  1.1121E-02    1.3380E+00  2.3744E+00    0.0000E+00  0.0000E+00
   3    6.1598E+00  4.8002E+00    3.7070E-02  1.4828E-02    1.7840E+00  3.1659E+00    0.0000E+00  0.0000E+00
   4    7.6998E+00  6.0002E+00    4.6337E-02  1.8535E-02    2.2300E+00  3.9573E+00    0.0000E+00  0.0000E+00

cambox_do_run doing gasaerexch, istep=       2
k, old & new h2so4, old & new so4_a1, old & new so4_a2  (ppbv)
   1    7.4140E-03  6.4865E-07    2.8752E-04  4.9869E-04    9.2828E-03  1.6485E-02
   2    1.1121E-02  7.8476E-07    1.4104E-03  2.3678E-03    1.2945E-02  2.3108E-02
   3    1.4828E-02  7.1072E-03    3.6463E-03  6.0967E-03    1.1923E-02  1.7193E-02
   4    1.8535E-02  5.4458E-07    6.6902E-03  1.0219E-02    1.7236E-02  3.2242E-02

cambox_do_run step done, istep=       2

i, k, told, tnew (h)   10    1     0.500     1.000
spec              qold       qnew         del-gas   del-cloud del-rena    del-cond  del-nuc   del-coag
H2SO4             9.287E-07  6.486E-07    1.85E-02 -1.11E-02  0.00E+00   -9.28E-04 -6.49E-03  0.00E+00
SO2               3.098E+00  2.400E+00   -1.85E-02 -6.80E-01  0.00E+00    0.00E+00  0.00E+00  0.00E+00
SOAG              1.178E-01  1.086E-01    0.00E+00  0.00E+00  0.00E+00   -9.17E-03  0.00E+00  0.00E+00
so4_a1            2.875E-04  4.987E-04    0.00E+00  0.00E+00  0.00E+00    2.03E-04  0.00E+00  7.95E-06
pom_a1            2.472E-02  3.856E-02    0.00E+00  0.00E+00  0.00E+00    1.35E-02  0.00E+00  3.64E-04
soa_a1            2.249E-03  4.265E-03    0.00E+00  0.00E+00  0.00E+00    2.01E-03  0.00E+00  5.22E-06
bc_a1             2.747E-03  4.285E-03    0.00E+00  0.00E+00  0.00E+00    1.50E-03  0.00E+00  4.05E-05
num_a1            3.637E+01  5.673E+01    0.00E+00  0.00E+00  0.00E+00    1.98E+01  0.00E+00  5.30E-01
so4_a2            9.283E-03  1.648E-02    0.00E+00  0.00E+00  0.00E+00    7.24E-04  6.49E-03 -7.95E-06
soa_a2            0.000E+00  7.161E-03    0.00E+00  0.00E+00  0.00E+00    7.17E-03  0.00E+00 -5.22E-06
num_a2            1.629E+04  2.768E+04    0.00E+00  0.00E+00  0.00E+00    0.00E+00  1.20E+04 -6.18E+02
pom_a4            6.021E-02  4.637E-02    0.00E+00  0.00E+00  0.00E+00   -1.35E-02  0.00E+00 -3.64E-04
bc_a4             6.690E-03  5.152E-03    0.00E+00  0.00E+00  0.00E+00   -1.50E-03  0.00E+00 -4.05E-05
num_a4            8.862E+01  6.824E+01    0.00E+00  0.00E+00  0.00E+00   -1.98E+01  0.00E+00 -5.38E-01
so4_c1            8.920E-01  1.583E+00    0.00E+00  6.91E-01  0.00E+00    0.00E+00  0.00E+00  0.00E+00
num_c1            7.319E-03  7.319E-03    0.00E+00  0.00E+00  0.00E+00    0.00E+00  0.00E+00  0.00E+00
sox_tot           4.000E+00  4.000E+00   -9.29E-07
nhx_tot           0.000E+00  0.000E+00    0.00E+00
soa1_tot          1.200E-01  1.200E-01    8.40E-06

i, k, told, tnew (h)   10    2     0.500     1.000
spec              qold       qnew         del-gas   del-cloud del-rena    del-cond  del-nuc   del-coag
H2SO4             1.296E-06  7.848E-07    2.78E-02 -1.67E-02  0.00E+00   -3.27E-03 -7.85E-03  0.00E+00
SO2               4.648E+00  3.600E+00   -2.78E-02 -1.02E+00  0.00E+00    0.00E+00  0.00E+00  0.00E+00
SOAG              1.690E-01  1.390E-01    0.00E+00  0.00E+00  0.00E+00   -3.00E-02  0.00E+00  0.00E+00
so4_a1            1.410E-03  2.368E-03    0.00E+00  0.00E+00  0.00E+00    9.26E-04  0.00E+00  3.19E-05
pom_a1            6.794E-02  1.087E-01    0.00E+00  0.00E+00  0.00E+00    3.97E-02  0.00E+00  1.02E-03
soa_a1            1.096E-02  1.950E-02    0.00E+00  0.00E+00  0.00E+00    8.49E-03  0.00E+00  4.46E-05
bc_a1             7.549E-03  1.208E-02    0.00E+00  0.00E+00  0.00E+00    4.42E-03  0.00E+00  1.14E-04
num_a1            9.995E+01  1.599E+02    0.00E+00  0.00E+00  0.00E+00    5.85E+01  0.00E+00  1.47E+00
so4_a2            1.295E-02  2.311E-02    0.00E+00  0.00E+00  0.00E+00    2.35E-03  7.85E-03 -3.19E-05
soa_a2            0.000E+00  2.150E-02    0.00E+00  0.00E+00  0.00E+00    2.15E-02  0.00E+00 -4.46E-05
num_a2            2.144E+04  3.431E+04    0.00E+00  0.00E+00  0.00E+00    0.00E+00  1.45E+04 -1.65E+03
pom_a4            1.019E-01  6.115E-02    0.00E+00  0.00E+00  0.00E+00   -3.97E-02  0.00E+00 -1.02E-03
bc_a4             1.132E-02  6.794E-03    0.00E+00  0.00E+00  0.00E+00   -4.42E-03  0.00E+00 -1.14E-04
num_a4            1.500E+02  9.000E+01    0.00E+00  0.00E+00  0.00E+00   -5.85E+01  0.00E+00 -1.51E+00
so4_c1            1.338E+00  2.374E+00    0.00E+00  1.04E+00  0.00E+00    0.00E+00  0.00E+00  0.00E+00
num_c1            1.098E-02  1.098E-02    0.00E+00  0.00E+00  0.00E+00    0.00E+00  0.00E+00  0.00E+00
sox_tot           6.000E+00  6.000E+00   -1.30E-06
nhx_tot           0.000E+00  0.000E+00    0.00E+00
soa1_tot          1.800E-01  1.800E-01    2.75E-05

i, k, told, tnew (h)   10    3     0.500     1.000
spec              qold       qnew         del-gas   del-cloud del-rena    del-cond  del-nuc   del-coag
H2SO4             3.574E-03  7.107E-03    3.35E-02 -2.22E-02  0.00E+00   -7.42E-03 -3.04E-04  0.00E+00
SO2               6.197E+00  4.800E+00   -3.71E-02 -1.36E+00  0.00E+00    0.00E+00  0.00E+00  0.00E+00
SOAG              2.130E-01  1.571E-01    0.00E+00  0.00E+00  0.00E+00   -5.59E-02  0.00E+00  0.00E+00
so4_a1            3.646E-03  6.097E-03    0.00E+00  0.00E+00  0.00E+00    2.42E-03  0.00E+00  3.30E-05
pom_a1            1.019E-01  1.631E-01    0.00E+00  0.00E+00  0.00E+00    6.04E-02  0.00E+00  7.88E-04
soa_a1            2.707E-02  4.552E-02    0.00E+00  0.00E+00  0.00E+00    1.83E-02  0.00E+00  1.23E-04
bc_a1             1.132E-02  1.812E-02    0.00E+00  0.00E+00  0.00E+00    6.71E-03  0.00E+00  8.75E-05
num_a1            1.499E+02  2.397E+02    0.00E+00  0.00E+00  0.00E+00    8.88E+01  0.00E+00  1.06E+00
so4_a2            1.192E-02  1.719E-02    0.00E+00  0.00E+00  0.00E+00    5.00E-03  3.04E-04 -3.30E-05
soa_a2            0.000E+00  3.750E-02    0.00E+00  0.00E+00  0.00E+00    3.76E-02  0.00E+00 -1.23E-04
num_a2            1.945E+04  1.962E+04    0.00E+00  0.00E+00  0.00E+00    0.00E+00  5.63E+02 -3.90E+02
pom_a4            1.529E-01  9.172E-02    0.00E+00  0.00E+00  0.00E+00   -6.04E-02  0.00E+00 -7.88E-04
bc_a4             1.699E-02  1.019E-02    0.00E+00  0.00E+00  0.00E+00   -6.71E-03  0.00E+00 -8.75E-05
num_a4            2.250E+02  1.350E+02    0.00E+00  0.00E+00  0.00E+00   -8.88E+01  0.00E+00 -1.19E+00
so4_c1            1.784E+00  3.166E+00    0.00E+00  1.38E+00  0.00E+00    0.00E+00  0.00E+00  0.00E+00
num_c1            1.464E-02  1.464E-02    0.00E+00  0.00E+00  0.00E+00    0.00E+00  0.00E+00  0.00E+00
sox_tot           8.000E+00  7.996E+00   -3.57E-03
nhx_tot           0.000E+00  0.000E+00    0.00E+00
soa1_tot          2.400E-01  2.401E-01    5.12E-05

i, k, told, tnew (h)   10    4     0.500     1.000
spec              qold       qnew         del-gas   del-cloud del-rena    del-cond  del-nuc   del-coag
H2SO4             1.728E-06  5.446E-07    4.63E-02 -2.78E-02  0.00E+00   -1.31E-02 -5.45E-03  0.00E+00
SO2               7.746E+00  6.000E+00   -4.63E-02 -1.70E+00  0.00E+00    0.00E+00  0.00E+00  0.00E+00
SOAG              2.614E-01  1.906E-01    0.00E+00  0.00E+00  0.00E+00   -7.08E-02  0.00E+00  0.00E+00
so4_a1            6.690E-03  1.022E-02    0.00E+00  0.00E+00  0.00E+00    3.44E-03  0.00E+00  8.64E-05
pom_a1            1.359E-01  2.174E-01    0.00E+00  0.00E+00  0.00E+00    7.94E-02  0.00E+00  2.08E-03
soa_a1            3.866E-02  5.913E-02    0.00E+00  0.00E+00  0.00E+00    2.03E-02  0.00E+00  1.99E-04
bc_a1             1.510E-02  2.416E-02    0.00E+00  0.00E+00  0.00E+00    8.83E-03  0.00E+00  2.31E-04
num_a1            1.998E+02  3.195E+02    0.00E+00  0.00E+00  0.00E+00    1.17E+02  0.00E+00  2.90E+00
so4_a2            1.724E-02  3.224E-02    0.00E+00  0.00E+00  0.00E+00    9.65E-03  5.45E-03 -8.64E-05
soa_a2            0.000E+00  5.039E-02    0.00E+00  0.00E+00  0.00E+00    5.06E-02  0.00E+00 -1.99E-04
num_a2            2.660E+04  3.416E+04    0.00E+00  0.00E+00  0.00E+00    0.00E+00  1.01E+04 -2.52E+03
pom_a4            2.038E-01  1.223E-01    0.00E+00  0.00E+00  0.00E+00   -7.94E-02  0.00E+00 -2.08E-03
bc_a4             2.265E-02  1.359E-02    0.00E+00  0.00E+00  0.00E+00   -8.83E-03  0.00E+00 -2.31E-04
num_a4            3.000E+02  1.800E+02    0.00E+00  0.00E+00  0.00E+00   -1.17E+02  0.00E+00 -3.14E+00
so4_c1            2.230E+00  3.957E+00    0.00E+00  1.73E+00  0.00E+00    0.00E+00  0.00E+00  0.00E+00
num_c1            1.830E-02  1.830E-02    0.00E+00  0.00E+00  0.00E+00    0.00E+00  0.00E+00  0.00E+00
sox_tot           1.000E+01  1.000E+01   -1.73E-06
nhx_tot           0.000E+00  0.000E+00    0.00E+00
soa1_tot          3.000E-01  3.001E-01    6.49E-05

cambox_do_run doing calcsize, istep=       3
calcsize tend > 0 for nspecies =      1
k, accum num, so4, dgncur_a, same for aitken  (#/mg,  ug/kg,  nm)
   1    5.6722E+01  1.9817E-03  5.2136E+01    2.7675E+04  6.5509E-02  1.0070E+01
   2    1.5988E+02  9.4095E-03  5.3718E+01    3.4313E+04  9.1828E-02  1.0779E+01
   3    2.3972E+02  2.4228E-02  5.6045E+01    1.9624E+04  6.8323E-02  1.2494E+01
   4    3.1950E+02  4.0607E-02  5.6590E+01    3.4158E+04  1.2813E-01  1.2451E+01

cambox_do_run doing wateruptake, istep=       3
watruptk tend = 0 for all species
k, accum num, so4, watr, dgncur_a, dgncur_awet, wetdens  (#/mg,  ug/kg,  nm)
   1    5.6722E+01  1.9817E-03  0.0000E+00    5.2136E+01  5.2136E+01  1.0800E+00
   2    1.5988E+02  9.4095E-03  5.5578E-04    5.3718E+01  5.3880E+01  1.0993E+00
   3    2.3972E+02  2.4228E-02  2.1065E-02    5.6045E+01  5.9580E+01  1.1085E+00
   4    3.1950E+02  4.0607E-02  1.2807E-01    5.6590E+01  6.9997E+01  1.0802E+00
k, aitken num, so4, watr, dgncur_a, dgncur_awet, wetdens  (#/mg,  ug/kg,  nm)
   1    2.7675E+04  6.5509E-02  0.0000E+00    1.0070E+01  1.0070E+01  1.7128E+00
   2    3.4313E+04  9.1828E-02  3.1811E-03    1.0779E+01  1.0963E+01  1.6244E+00
   3    1.9624E+04  6.8323E-02  3.6162E-02    1.2494E+01  1.4817E+01  1.3291E+00
   4    3.4158E+04  1.2813E-01  1.9883E-01    1.2451E+01  1.8216E+01  1.1908E+00

cambox_do_run doing gaschem simple, istep=       3
k, old & new so2, old & new h2so4  (ppbv)
   1    2.4001E+00  2.3857E+00    6.4865E-07  1.4357E-02
   2    3.6001E+00  3.5786E+00    7.8476E-07  2.1536E-02
   3    4.8002E+00  4.7715E+00    7.1072E-03  2.8715E-02
   4    6.0002E+00  5.9643E+00    5.4458E-07  3.5894E-02

cambox_do_run doing cloudchem simple, istep=       3
k, old & new so2, ... h2so4, ... so4_c1, ... so4_c2  (ppbv)
   1    2.3857E+00  1.8591E+00    1.4357E-02  5.7430E-03    1.5829E+00  2.1181E+00    0.0000E+00  0.0000E+00
   2    3.5786E+00  2.7887E+00    2.1536E-02  8.6144E-03    2.3744E+00  3.1772E+00    0.0000E+00  0.0000E+00
   3    4.7715E+00  3.7183E+00    2.8715E-02  1.1486E-02    3.1659E+00  4.2363E+00    0.0000E+00  0.0000E+00
   4    5.9643E+00  4.6478E+00    3.5894E-02  1.4357E-02    3.9573E+00  5.2953E+00    0.0000E+00  0.0000E+00

cambox_do_run doing gasaerexch, istep=       3
k, old & new h2so4, old & new so4_a1, old & new so4_a2  (ppbv)
   1    5.7430E-03  4.6175E-07    4.9869E-04  6.5594E-04    1.6485E-02  2.2070E-02
   2    8.6144E-03  4.9609E-07    2.3678E-03  3.0331E-03    2.3108E-02  3.1057E-02
   3    1.1486E-02  4.1299E-03    6.0967E-03  7.9722E-03    1.7193E-02  2.2673E-02
   4    1.4357E-02  2.6122E-07    1.0219E-02  1.2342E-02    3.2242E-02  4.4476E-02

cambox_do_run step done, istep=       3

i, k, told, tnew (h)   10    1     1.000     1.500
spec              qold       qnew         del-gas   del-cloud del-rena    del-cond  del-nuc   del-coag
H2SO4             6.486E-07  4.617E-07    1.44E-02 -8.61E-03  0.00E+00   -1.13E-03 -4.62E-03  0.00E+00
SO2               2.400E+00  1.859E+00   -1.44E-02 -5.27E-01  0.00E+00    0.00E+00  0.00E+00  0.00E+00
SOAG              1.086E-01  9.550E-02    0.00E+00  0.00E+00  0.00E+00   -1.31E-02  0.00E+00  0.00E+00
so4_a1            4.987E-04  6.559E-04    0.00E+00  0.00E+00  0.00E+00    1.49E-04  0.00E+00  8.53E-06
pom_a1            3.856E-02  4.692E-02    0.00E+00  0.00E+00  0.00E+00    8.05E-03  0.00E+00  3.10E-04
soa_a1            4.265E-03  6.006E-03    0.00E+00  0.00E+00  0.00E+00    1.73E-03  0.00E+00  9.96E-06
bc_a1             4.285E-03  5.213E-03    0.00E+00  0.00E+00  0.00E+00    8.94E-04  0.00E+00  3.44E-05
num_a1            5.672E+01  6.901E+01    0.00E+00  0.00E+00  0.00E+00    1.18E+01  0.00E+00  4.47E-01
so4_a2            1.648E-02  2.207E-02    0.00E+00  0.00E+00  0.00E+00    9.77E-04  4.62E-03 -8.53E-06
soa_a2            7.161E-03  1.852E-02    0.00E+00  0.00E+00  0.00E+00    1.14E-02  0.00E+00 -9.96E-06
num_a2            2.768E+04  3.551E+04    0.00E+00  0.00E+00  0.00E+00    0.00E+00  8.55E+03 -7.09E+02
pom_a4            4.637E-02  3.801E-02    0.00E+00  0.00E+00  0.00E+00   -8.05E-03  0.00E+00 -3.10E-04
bc_a4             5.152E-03  4.223E-03    0.00E+00  0.00E+00  0.00E+00   -8.94E-04  0.00E+00 -3.44E-05
num_a4            6.824E+01  5.594E+01    0.00E+00  0.00E+00  0.00E+00   -1.18E+01  0.00E+00 -4.56E-01
so4_c1            1.583E+00  2.118E+00    0.00E+00  5.35E-01  0.00E+00    0.00E+00  0.00E+00  0.00E+00
num_c1            2.015E-02  2.015E-02    0.00E+00  0.00E+00  0.00E+00    0.00E+00  0.00E+00  0.00E+00
sox_tot           4.000E+00  4.000E+00   -6.49E-07
nhx_tot           0.000E+00  0.000E+00    0.00E+00
soa1_tot          1.200E-01  1.200E-01    1.20E-05

i, k, told, tnew (h)   10    2     1.000     1.500
spec              qold       qnew         del-gas   del-cloud del-rena    del-cond  del-nuc   del-coag
H2SO4             7.848E-07  4.961E-07    2.15E-02 -1.29E-02  0.00E+00   -3.65E-03 -4.96E-03  0.00E+00
SO2               3.600E+00  2.789E+00   -2.15E-02 -7.90E-01  0.00E+00    0.00E+00  0.00E+00  0.00E+00
SOAG              1.390E-01  1.045E-01    0.00E+00  0.00E+00  0.00E+00   -3.45E-02  0.00E+00  0.00E+00
so4_a1            2.368E-03  3.033E-03    0.00E+00  0.00E+00  0.00E+00    6.33E-04  0.00E+00  3.28E-05
pom_a1            1.087E-01  1.299E-01    0.00E+00  0.00E+00  0.00E+00    2.03E-02  0.00E+00  8.15E-04
soa_a1            1.950E-02  2.555E-02    0.00E+00  0.00E+00  0.00E+00    5.98E-03  0.00E+00  7.06E-05
bc_a1             1.208E-02  1.443E-02    0.00E+00  0.00E+00  0.00E+00    2.26E-03  0.00E+00  9.05E-05
num_a1            1.599E+02  1.910E+02    0.00E+00  0.00E+00  0.00E+00    2.99E+01  0.00E+00  1.15E+00
so4_a2            2.311E-02  3.106E-02    0.00E+00  0.00E+00  0.00E+00    3.02E-03  4.96E-03 -3.28E-05
soa_a2            2.150E-02  4.998E-02    0.00E+00  0.00E+00  0.00E+00    2.86E-02  0.00E+00 -7.06E-05
num_a2            3.431E+04  4.179E+04    0.00E+00  0.00E+00  0.00E+00    0.00E+00  9.18E+03 -1.70E+03
pom_a4            6.115E-02  4.000E-02    0.00E+00  0.00E+00  0.00E+00   -2.03E-02  0.00E+00 -8.15E-04
bc_a4             6.794E-03  4.444E-03    0.00E+00  0.00E+00  0.00E+00   -2.26E-03  0.00E+00 -9.05E-05
num_a4            9.000E+01  5.887E+01    0.00E+00  0.00E+00  0.00E+00   -2.99E+01  0.00E+00 -1.20E+00
so4_c1            2.374E+00  3.177E+00    0.00E+00  8.03E-01  0.00E+00    0.00E+00  0.00E+00  0.00E+00
num_c1            3.023E-02  3.023E-02    0.00E+00  0.00E+00  0.00E+00    0.00E+00  0.00E+00  0.00E+00
sox_tot           6.000E+00  6.000E+00   -7.85E-07
nhx_tot           0.000E+00  0.000E+00    0.00E+00
soa1_tot          1.800E-01  1.801E-01    3.16E-05

i, k, told, tnew (h)   10    3     1.000     1.500
spec              qold       qnew         del-gas   del-cloud del-rena    del-cond  del-nuc   del-coag
H2SO4             7.107E-03  4.130E-03    2.16E-02 -1.72E-02  0.00E+00   -7.33E-03 -2.11E-05  0.00E+00
SO2               4.800E+00  3.718E+00   -2.87E-02 -1.05E+00  0.00E+00    0.00E+00  0.00E+00  0.00E+00
SOAG              1.571E-01  1.099E-01    0.00E+00  0.00E+00  0.00E+00   -4.72E-02  0.00E+00  0.00E+00
so4_a1            6.097E-03  7.972E-03    0.00E+00  0.00E+00  0.00E+00    1.84E-03  0.00E+00  3.27E-05
pom_a1            1.631E-01  1.998E-01    0.00E+00  0.00E+00  0.00E+00    3.60E-02  0.00E+00  6.71E-04
soa_a1            4.552E-02  5.768E-02    0.00E+00  0.00E+00  0.00E+00    1.20E-02  0.00E+00  1.33E-04
bc_a1             1.812E-02  2.220E-02    0.00E+00  0.00E+00  0.00E+00    4.00E-03  0.00E+00  7.45E-05
num_a1            2.397E+02  2.936E+02    0.00E+00  0.00E+00  0.00E+00    5.30E+01  0.00E+00  8.59E-01
so4_a2            1.719E-02  2.267E-02    0.00E+00  0.00E+00  0.00E+00    5.49E-03  2.11E-05 -3.27E-05
soa_a2            3.750E-02  7.256E-02    0.00E+00  0.00E+00  0.00E+00    3.52E-02  0.00E+00 -1.33E-04
num_a2            1.962E+04  1.930E+04    0.00E+00  0.00E+00  0.00E+00    0.00E+00  3.91E+01 -3.62E+02
pom_a4            9.172E-02  5.503E-02    0.00E+00  0.00E+00  0.00E+00   -3.60E-02  0.00E+00 -6.71E-04
bc_a4             1.019E-02  6.115E-03    0.00E+00  0.00E+00  0.00E+00   -4.00E-03  0.00E+00 -7.45E-05
num_a4            1.350E+02  8.100E+01    0.00E+00  0.00E+00  0.00E+00   -5.30E+01  0.00E+00 -9.90E-01
so4_c1            3.166E+00  4.236E+00    0.00E+00  1.07E+00  0.00E+00    0.00E+00  0.00E+00  0.00E+00
num_c1            4.031E-02  4.031E-02    0.00E+00  0.00E+00  0.00E+00    0.00E+00  0.00E+00  0.00E+00
sox_tot           7.996E+00  7.989E+00   -7.11E-03
nhx_tot           0.000E+00  0.000E+00    0.00E+00
soa1_tot          2.401E-01  2.401E-01    4.33E-05

i, k, told, tnew (h)   10    4     1.000     1.500
spec              qold       qnew         del-gas   del-cloud del-rena    del-cond  del-nuc   del-coag
H2SO4             5.446E-07  2.612E-07    3.59E-02 -2.15E-02  0.00E+00   -1.17E-02 -2.61E-03  0.00E+00
SO2               6.000E+00  4.648E+00   -3.59E-02 -1.32E+00  0.00E+00    0.00E+00  0.00E+00  0.00E+00
SOAG              1.906E-01  1.428E-01    0.00E+00  0.00E+00  0.00E+00   -4.78E-02  0.00E+00  0.00E+00
so4_a1            1.022E-02  1.234E-02    0.00E+00  0.00E+00  0.00E+00    2.04E-03  0.00E+00  8.44E-05
pom_a1            2.174E-01  2.585E-01    0.00E+00  0.00E+00  0.00E+00    3.92E-02  0.00E+00  1.90E-03
soa_a1            5.913E-02  7.092E-02    0.00E+00  0.00E+00  0.00E+00    1.16E-02  0.00E+00  1.89E-04
bc_a1             2.416E-02  2.872E-02    0.00E+00  0.00E+00  0.00E+00    4.35E-03  0.00E+00  2.12E-04
num_a1            3.195E+02  3.797E+02    0.00E+00  0.00E+00  0.00E+00    5.76E+01  0.00E+00  2.58E+00
so4_a2            3.224E-02  4.448E-02    0.00E+00  0.00E+00  0.00E+00    9.71E-03  2.61E-03 -8.44E-05
soa_a2            5.039E-02  8.644E-02    0.00E+00  0.00E+00  0.00E+00    3.62E-02  0.00E+00 -1.89E-04
num_a2            3.416E+04  3.690E+04    0.00E+00  0.00E+00  0.00E+00    0.00E+00  4.83E+03 -2.09E+03
pom_a4            1.223E-01  8.124E-02    0.00E+00  0.00E+00  0.00E+00   -3.92E-02  0.00E+00 -1.90E-03
bc_a4             1.359E-02  9.027E-03    0.00E+00  0.00E+00  0.00E+00   -4.35E-03  0.00E+00 -2.12E-04
num_a4            1.800E+02  1.196E+02    0.00E+00  0.00E+00  0.00E+00   -5.76E+01  0.00E+00 -2.82E+00
so4_c1            3.957E+00  5.295E+00    0.00E+00  1.34E+00  0.00E+00    0.00E+00  0.00E+00  0.00E+00
num_c1            5.038E-02  5.038E-02    0.00E+00  0.00E+00  0.00E+00    0.00E+00  0.00E+00  0.00E+00
sox_tot           1.000E+01  1.000E+01   -5.45E-07
nhx_tot           0.000E+00  0.000E+00    0.00E+00
soa1_tot          3.001E-01  3.001E-01    4.38E-05
