mdo_gasch, cldch, gaex, rename, newnuc, coag    1    1    1    1    1    1
mopt_h2so4_uptake, gaexch_h2so4_uptake_flagaa, newnuc_h2so4_conc_flagaa, mosaic    1    2    2    F
mopt_aero_comp, aero_load, ait_size   11   72    2
deltat, xopt_cloudf   1800.000000      0.600000

gasch       1       5
H2O2          0.000E+00  0.000E+00     0.000E+00  0.000E+00     0.000E+00  0.000E+00     0.000E+00  0.000E+00 
H2SO4         0.000E+00  0.000E+00     0.000E+00  0.000E+00     0.000E+00  0.000E+00     0.000E+00  0.000E+00 
SO2           0.000E+00  0.000E+00     0.000E+00  0.000E+00     0.000E+00  0.000E+00     0.000E+00  0.000E+00 
DMS           0.000E+00  0.000E+00     0.000E+00  0.000E+00     0.000E+00  0.000E+00     0.000E+00  0.000E+00 
SOAG          1.000E-10  1.000E-10     8.000E-11  8.000E-11     6.000E-11  6.000E-11     4.000E-11  4.000E-11 
so4_a1        0.000E+00  0.000E+00     0.000E+00  0.000E+00     0.000E+00  0.000E+00     0.000E+00  0.000E+00 
pom_a1        0.000E+00  0.000E+00     0.000E+00  0.000E+00     0.000E+00  0.000E+00     0.000E+00  0.000E+00 
soa_a1        0.000E+00  0.000E+00     0.000E+00  0.000E+00     0.000E+00  0.000E+00     0.000E+00  0.000E+00 
bc_a1         0.000E+00  0.000E+00     0.000E+00  0.000E+00     0.000E+00  0.000E+00     0.000E+00  0.000E+00 
ncl_a1        0.000E+00  0.000E+00     0.000E+00  0.000E+00     0.000E+00  0.000E+00     0.000E+00  0.000E+00 
dst_a1        0.000E+00  0.000E+00     0.000E+00  0.000E+00     0.000E+00  0.000E+00     0.000E+00  0.000E+00 
num_a1        0.000E+00  0.000E+00     0.000E+00  0.000E+00     0.000E+00  0.000E+00     0.000E+00  0.000E+00 
so4_a2        0.000E+00  0.000E+00     0.000E+00  0.000E+00     0.000E+00  0.000E+00     0.000E+00  0.000E+00 
soa_a2        0.000E+00  0.000E+00     0.000E+00  0.000E+00     0.000E+00  0.000E+00     0.000E+00  0.000E+00 
ncl_a2        0.000E+00  0.000E+00     0.000E+00  0.000E+00     0.000E+00  0.000E+00     0.000E+00  0.000E+00 
num_a2        0.000E+00  0.000E+00     0.000E+00  0.000E+00     0.000E+00  0.000E+00     0.000E+00  0.000E+00 
dst_a3        0.000E+00  0.000E+00     0.000E+00  0.000E+00     0.000E+00  0.000E+00     0.000E+00  0.000E+00 
ncl_a3        0.000E+00  0.000E+00     0.000E+00  0.000E+00     0.000E+00  0.000E+00     0.000E+00  0.000E+00 
so4_a3        0.000E+00  0.000E+00     0.000E+00  0.000E+00     0.000E+00  0.000E+00     0.000E+00  0.000E+00 
num_a3        0.000E+00  0.000E+00     0.000E+00  0.000E+00     0.000E+00  0.000E+00     0.000E+00  0.000E+00 
pom_a4        3.397E-10  3.397E-10     2.548E-10  2.548E-10     1.699E-10  1.699E-10     8.493E-11  8.493E-11 
bc_a4         3.775E-11  3.775E-11     2.831E-11  2.831E-11     1.887E-11  1.887E-11     9.437E-12  9.437E-12 
num_a4        1.438E+10  1.438E+10     1.078E+10  1.078E+10     7.188E+09  7.188E+09     3.594E+09  3.594E+09 
so4_c1        0.000E+00  0.000E+00     0.000E+00  0.000E+00     0.000E+00  0.000E+00     0.000E+00  0.000E+00 
pom_c1        0.000E+00  0.000E+00     0.000E+00  0.000E+00     0.000E+00  0.000E+00     0.000E+00  0.000E+00 
soa_c1        0.000E+00  0.000E+00     0.000E+00  0.000E+00     0.000E+00  0.000E+00     0.000E+00  0.000E+00 
bc_c1         0.000E+00  0.000E+00     0.000E+00  0.000E+00     0.000E+00  0.000E+00     0.000E+00  0.000E+00 
ncl_c1        0.000E+00  0.000E+00     0.000E+00  0.000E+00     0.000E+00  0.000E+00     0.000E+00  0.000E+00 
dst_c1        0.000E+00  0.000E+00     0.000E+00  0.000E+00     0.000E+00  0.000E+00     0.000E+00  0.000E+00 
num_c1        0.000E+00  0.000E+00     0.000E+00  0.000E+00     0.000E+00  0.000E+00     0.000E+00  0.000E+00 
so4_c2        0.000E+00  0.000E+00     0.000E+00  0.000E+00     0.000E+00  0.000E+00     0.000E+00  0.000E+00 
soa_c2        0.000E+00  0.000E+00     0.000E+00  0.000E+00     0.000E+00  0.000E+00     0.000E+00  0.000E+00 
ncl_c2        0.000E+00  0.000E+00     0.000E+00  0.000E+00     0.000E+00  0.000E+00     0.000E+00  0.000E+00 
num_c2        0.000E+00  0.000E+00     0.000E+00  0.000E+00     0.000E+00  0.000E+00     0.000E+00  0.000E+00 
dst_c3        0.000E+00  0.000E+00     0.000E+00  0.000E+00     0.000E+00  0.000E+00     0.000E+00  0.000E+00 
ncl_c3        0.000E+00  0.000E+00     0.000E+00  0.000E+00     0.000E+00  0.000E+00     0.000E+00  0.000E+00 
so4_c3        0.000E+00  0.000E+00     0.000E+00  0.000E+00     0.000E+00  0.000E+00     0.000E+00  0.000E+00 
num_c3        0.000E+00  0.000E+00     0.000E+00  0.000E+00     0.000E+00  0.000E+00     0.000E+00  0.000E+00 
pom_c4        0.000E+00  0.000E+00     0.000E+00  0.000E+00     0.000E+00  0.000E+00     0.000E+00  0.000E+00 
bc_c4         0.000E+00  0.000E+00     0.000E+00  0.000E+00     0.000E+00  0.000E+00     0.000E+00  0.000E+00 
num_c4        0.000E+00  0.000E+00     0.000E+00  0.000E+00     0.000E+00  0.000E+00     0.000E+00  0.000E+00 

cldch       1       5
H2O2          0.000E+00  0.000E+00     0.000E+00  0.000E+00     0.000E+00  0.000E+00     0.000E+00  0.000E+00 
H2SO4         0.000E+00  0.000E+00     0.000E+00  0.000E+00     0.000E+00  0.000E+00     0.000E+00  0.000E+00 
SO2           0.000E+00  0.000E+00     0.000E+00  0.000E+00     0.000E+00  0.000E+00     0.000E+00  0.000E+00 
DMS           0.000E+00  0.000E+00     0.000E+00  0.000E+00     0.000E+00  0.000E+00     0.000E+00  0.000E+00 
SOAG          1.000E-10  1.000E-10     8.000E-11  8.000E-11     6.000E-11  6.000E-11     4.000E-11  4.000E-11 
so4_a1        0.000E+00  0.000E+00     0.000E+00  0.000E+00     0.000E+00  0.000E+00     0.000E+00  0.000E+00 
pom_a1        0.000E+00  0.000E+00     0.000E+00  0.000E+00     0.000E+00  0.000E+00     0.000E+00  0.000E+00 
soa_a1        0.000E+00  0.000E+00     0.000E+00  0.000E+00     0.000E+00  0.000E+00     0.000E+00  0.000E+00 
bc_a1         0.000E+00  0.000E+00     0.000E+00  0.000E+00     0.000E+00  0.000E+00     0.000E+00  0.000E+00 
ncl_a1        0.000E+00  0.000E+00     0.000E+00  0.000E+00     0.000E+00  0.000E+00     0.000E+00  0.000E+00 
dst_a1        0.000E+00  0.000E+00     0.000E+00  0.000E+00     0.000E+00  0.000E+00     0.000E+00  0.000E+00 
num_a1        0.000E+00  0.000E+00     0.000E+00  0.000E+00     0.000E+00  0.000E+00     0.000E+00  0.000E+00 
so4_a2        0.000E+00  0.000E+00     0.000E+00  0.000E+00     0.000E+00  0.000E+00     0.000E+00  0.000E+00 
soa_a2        0.000E+00  0.000E+00     0.000E+00  0.000E+00     0.000E+00  0.000E+00     0.000E+00  0.000E+00 
ncl_a2        0.000E+00  0.000E+00     0.000E+00  0.000E+00     0.000E+00  0.000E+00     0.000E+00  0.000E+00 
num_a2        0.000E+00  0.000E+00     0.000E+00  0.000E+00     0.000E+00  0.000E+00     0.000E+00  0.000E+00 
dst_a3        0.000E+00  0.000E+00     0.000E+00  0.000E+00     0.000E+00  0.000E+00     0.000E+00  0.000E+00 
ncl_a3        0.000E+00  0.000E+00     0.000E+00  0.000E+00     0.000E+00  0.000E+00     0.000E+00  0.000E+00 
so4_a3        0.000E+00  0.000E+00     0.000E+00  0.000E+00     0.000E+00  0.000E+00     0.000E+00  0.000E+00 
num_a3        0.000E+00  0.000E+00     0.000E+00  0.000E+00     0.000E+00  0.000E+00     0.000E+00  0.000E+00 
pom_a4        3.397E-10  3.397E-10     2.548E-10  2.548E-10     1.699E-10  1.699E-10     8.493E-11  8.493E-11 
bc_a4         3.775E-11  3.775E-11     2.831E-11  2.831E-11     1.887E-11  1.887E-11     9.437E-12  9.437E-12 
num_a4        1.438E+10  1.438E+10     1.078E+10  1.078E+10     7.188E+09  7.188E+09     3.594E+09  3.594E+09 
so4_c1        0.000E+00  0.000E+00     0.000E+00  0.000E+00     0.000E+00  0.000E+00     0.000E+00  0.000E+00 
pom_c1        0.000E+00  0.000E+00     0.000E+00  0.000E+00     0.000E+00  0.000E+00     0.000E+00  0.000E+00 
soa_c1        0.000E+00  0.000E+00     0.000E+00  0.000E+00     0.000E+00  0.000E+00     0.000E+00  0.000E+00 
bc_c1         0.000E+00  0.000E+00     0.000E+00  0.000E+00     0.000E+00  0.000E+00     0.000E+00  0.000E+00 
ncl_c1        0.000E+00  0.000E+00     0.000E+00  0.000E+00     0.000E+00  0.000E+00     0.000E+00  0.000E+00 
dst_c1        0.000E+00  0.000E+00     0.000E+00  0.000E+00     0.000E+00  0.000E+00     0.000E+00  0.000E+00 
num_c1        0.000E+00  0.000E+00     0.000E+00  0.000E+00     0.000E+00  0.000E+00     0.000E+00  0.000E+00 
so4_c2        0.000E+00  0.000E+00     0.000E+00  0.000E+00     0.000E+00  0.000E+00     0.000E+00  0.000E+00 
soa_c2        0.000E+00  0.000E+00     0.000E+00  0.000E+00     0.000E+00  0.000E+00     0.000E+00  0.000E+00 
ncl_c2        0.000E+00  0.000E+00     0.000E+00  0.000E+00     0.000E+00  0.000E+00     0.000E+00  0.000E+00 
num_c2        0.000E+00  0.000E+00     0.000E+00  0.000E+00     0.000E+00  0.000E+00     0.000E+00  0.000E+00 
dst_c3        0.000E+00  0.000E+00     0.000E+00  0.000E+00     0.000E+00  0.000E+00     0.000E+00  0.000E+00 
ncl_c3        0.000E+00  0.000E+00     0.000E+00  0.000E+00     0.000E+00  0.000E+00     0.000E+00  0.000E+00 
so4_c3        0.000E+00  0.000E+00     0.000E+00  0.000E+00     0.000E+00  0.000E+00     0.000E+00  0.000E+00 
num_c3        0.000E+00  0.000E+00     0.000E+00  0.000E+00     0.000E+00  0.000E+00     0.000E+00  0.000E+00 
pom_c4        0.000E+00  0.000E+00     0.000E+00  0.000E+00     0.000E+00  0.000E+00     0.000E+00  0.000E+00 
bc_c4         0.000E+00  0.000E+00     0.000E+00  0.000E+00     0.000E+00  0.000E+00     0.000E+00  0.000E+00 
num_c4        0.000E+00  0.000E+00     0.000E+00  0.000E+00     0.000E+00  0.000E+00     0.000E+00  0.000E+00 

gaex        1       5
H2O2          0.000E+00  0.000E+00     0.000E+00  0.000E+00     0.000E+00  0.000E+00     0.000E+00  0.000E+00 
H2SO4         0.000E+00  0.000E+00     0.000E+00  0.000E+00     0.000E+00  0.000E+00     0.000E+00  0.000E+00 
SO2           0.000E+00  0.000E+00     0.000E+00  0.000E+00     0.000E+00  0.000E+00     0.000E+00  0.000E+00 
DMS           0.000E+00  0.000E+00     0.000E+00  0.000E+00     0.000E+00  0.000E+00     0.000E+00  0.000E+00 
SOAG          1.000E-10  9.466E-11*    8.000E-11  7.161E-11*    6.000E-11  5.636E-11*    4.000E-11  3.925E-11*
so4_a1        0.000E+00  0.000E+00     0.000E+00  0.000E+00     0.000E+00  0.000E+00     0.000E+00  0.000E+00 
pom_a1        0.000E+00  1.675E-11*    0.000E+00  2.632E-11*    0.000E+00  1.143E-11*    0.000E+00  2.350E-12*
soa_a1        0.000E+00  5.344E-12*    0.000E+00  8.399E-12*    0.000E+00  3.648E-12*    0.000E+00  7.498E-13*
bc_a1         0.000E+00  1.861E-12*    0.000E+00  2.925E-12*    0.000E+00  1.270E-12*    0.000E+00  2.611E-13*
ncl_a1        0.000E+00  0.000E+00     0.000E+00  0.000E+00     0.000E+00  0.000E+00     0.000E+00  0.000E+00 
dst_a1        0.000E+00  0.000E+00     0.000E+00  0.000E+00     0.000E+00  0.000E+00     0.000E+00  0.000E+00 
num_a1        0.000E+00  7.081E+08*    0.000E+00  1.113E+09*    0.000E+00  4.836E+08*    0.000E+00  9.944E+07*
so4_a2        0.000E+00  0.000E+00     0.000E+00  0.000E+00     0.000E+00  0.000E+00     0.000E+00  0.000E+00 
soa_a2        0.000E+00  0.000E+00     0.000E+00  0.000E+00     0.000E+00  0.000E+00     0.000E+00  0.000E+00 
ncl_a2        0.000E+00  0.000E+00     0.000E+00  0.000E+00     0.000E+00  0.000E+00     0.000E+00  0.000E+00 
num_a2        0.000E+00  0.000E+00     0.000E+00  0.000E+00     0.000E+00  0.000E+00     0.000E+00  0.000E+00 
dst_a3        0.000E+00  0.000E+00     0.000E+00  0.000E+00     0.000E+00  0.000E+00     0.000E+00  0.000E+00 
ncl_a3        0.000E+00  0.000E+00     0.000E+00  0.000E+00     0.000E+00  0.000E+00     0.000E+00  0.000E+00 
so4_a3        0.000E+00  0.000E+00     0.000E+00  0.000E+00     0.000E+00  0.000E+00     0.000E+00  0.000E+00 
num_a3        0.000E+00  0.000E+00     0.000E+00  0.000E+00     0.000E+00  0.000E+00     0.000E+00  0.000E+00 
pom_a4        3.397E-10  3.230E-10*    2.548E-10  2.285E-10*    1.699E-10  1.584E-10*    8.493E-11  8.258E-11*
bc_a4         3.775E-11  3.589E-11*    2.831E-11  2.539E-11*    1.887E-11  1.760E-11*    9.437E-12  9.176E-12*
num_a4        1.438E+10  1.366E+10*    1.078E+10  9.666E+09*    7.188E+09  6.703E+09*    3.594E+09  3.494E+09*
so4_c1        0.000E+00  0.000E+00     0.000E+00  0.000E+00     0.000E+00  0.000E+00     0.000E+00  0.000E+00 
pom_c1        0.000E+00  0.000E+00     0.000E+00  0.000E+00     0.000E+00  0.000E+00     0.000E+00  0.000E+00 
soa_c1        0.000E+00  0.000E+00     0.000E+00  0.000E+00     0.000E+00  0.000E+00     0.000E+00  0.000E+00 
bc_c1         0.000E+00  0.000E+00     0.000E+00  0.000E+00     0.000E+00  0.000E+00     0.000E+00  0.000E+00 
ncl_c1        0.000E+00  0.000E+00     0.000E+00  0.000E+00     0.000E+00  0.000E+00     0.000E+00  0.000E+00 
dst_c1        0.000E+00  0.000E+00     0.000E+00  0.000E+00     0.000E+00  0.000E+00     0.000E+00  0.000E+00 
num_c1        0.000E+00  0.000E+00     0.000E+00  0.000E+00     0.000E+00  0.000E+00     0.000E+00  0.000E+00 
so4_c2        0.000E+00  0.000E+00     0.000E+00  0.000E+00     0.000E+00  0.000E+00     0.000E+00  0.000E+00 
soa_c2        0.000E+00  0.000E+00     0.000E+00  0.000E+00     0.000E+00  0.000E+00     0.000E+00  0.000E+00 
ncl_c2        0.000E+00  0.000E+00     0.000E+00  0.000E+00     0.000E+00  0.000E+00     0.000E+00  0.000E+00 
num_c2        0.000E+00  0.000E+00     0.000E+00  0.000E+00     0.000E+00  0.000E+00     0.000E+00  0.000E+00 
dst_c3        0.000E+00  0.000E+00     0.000E+00  0.000E+00     0.000E+00  0.000E+00     0.000E+00  0.000E+00 
ncl_c3        0.000E+00  0.000E+00     0.000E+00  0.000E+00     0.000E+00  0.000E+00     0.000E+00  0.000E+00 
so4_c3        0.000E+00  0.000E+00     0.000E+00  0.000E+00     0.000E+00  0.000E+00     0.000E+00  0.000E+00 
num_c3        0.000E+00  0.000E+00     0.000E+00  0.000E+00     0.000E+00  0.000E+00     0.000E+00  0.000E+00 
pom_c4        0.000E+00  0.000E+00     0.000E+00  0.000E+00     0.000E+00  0.000E+00     0.000E+00  0.000E+00 
bc_c4         0.000E+00  0.000E+00     0.000E+00  0.000E+00     0.000E+00  0.000E+00     0.000E+00  0.000E+00 
num_c4        0.000E+00  0.000E+00     0.000E+00  0.000E+00     0.000E+00  0.000E+00     0.000E+00  0.000E+00 
mdo_gasch, cldch, gaex, rename, newnuc, coag    1    1    1    1    1    1
mopt_h2so4_uptake, gaexch_h2so4_uptake_flagaa, newnuc_h2so4_conc_flagaa, mosaic    1    2    2    F
mopt_aero_comp, aero_load, ait_size   11   72    2
deltat, xopt_cloudf   1800.000000      0.600000

gasch       2       5
H2O2          0.000E+00  0.000E+00     0.000E+00  0.000E+00     0.000E+00  0.000E+00     0.000E+00  0.000E+00 
H2SO4         0.000E+00  0.000E+00     0.000E+00  0.000E+00     0.000E+00  0.000E+00     0.000E+00  0.000E+00 
SO2           0.000E+00  0.000E+00     0.000E+00  0.000E+00     0.000E+00  0.000E+00     0.000E+00  0.000E+00 
DMS           0.000E+00  0.000E+00     0.000E+00  0.000E+00     0.000E+00  0.000E+00     0.000E+00  0.000E+00 
SOAG          9.466E-11  9.466E-11     7.161E-11  7.161E-11     5.636E-11  5.636E-11     3.925E-11  3.925E-11 
so4_a1        0.000E+00  0.000E+00     0.000E+00  0.000E+00     0.000E+00  0.000E+00     0.000E+00  0.000E+00 
pom_a1        1.675E-11  1.675E-11     2.632E-11  2.632E-11     1.143E-11  1.143E-11     2.350E-12  2.350E-12 
soa_a1        5.344E-12  5.344E-12     8.399E-12  8.399E-12     3.648E-12  3.648E-12     7.498E-13  7.498E-13 
bc_a1         1.861E-12  1.861E-12     2.925E-12  2.925E-12     1.270E-12  1.270E-12     2.611E-13  2.611E-13 
ncl_a1        0.000E+00  0.000E+00     0.000E+00  0.000E+00     0.000E+00  0.000E+00     0.000E+00  0.000E+00 
dst_a1        0.000E+00  0.000E+00     0.000E+00  0.000E+00     0.000E+00  0.000E+00     0.000E+00  0.000E+00 
num_a1        7.081E+08  7.081E+08     1.113E+09  1.113E+09     4.836E+08  4.836E+08     9.944E+07  9.944E+07 
so4_a2        0.000E+00  0.000E+00     0.000E+00  0.000E+00     0.000E+00  0.000E+00     0.000E+00  0.000E+00 
soa_a2        0.000E+00  0.000E+00     0.000E+00  0.000E+00     0.000E+00  0.000E+00     0.000E+00  0.000E+00 
ncl_a2        0.000E+00  0.000E+00     0.000E+00  0.000E+00     0.000E+00  0.000E+00     0.000E+00  0.000E+00 
num_a2        0.000E+00  0.000E+00     0.000E+00  0.000E+00     0.000E+00  0.000E+00     0.000E+00  0.000E+00 
dst_a3        0.000E+00  0.000E+00     0.000E+00  0.000E+00     0.000E+00  0.000E+00     0.000E+00  0.000E+00 
ncl_a3        0.000E+00  0.000E+00     0.000E+00  0.000E+00     0.000E+00  0.000E+00     0.000E+00  0.000E+00 
so4_a3        0.000E+00  0.000E+00     0.000E+00  0.000E+00     0.000E+00  0.000E+00     0.000E+00  0.000E+00 
num_a3        0.000E+00  0.000E+00     0.000E+00  0.000E+00     0.000E+00  0.000E+00     0.000E+00  0.000E+00 
pom_a4        3.230E-10  3.230E-10     2.285E-10  2.285E-10     1.584E-10  1.584E-10     8.258E-11  8.258E-11 
bc_a4         3.589E-11  3.589E-11     2.539E-11  2.539E-11     1.760E-11  1.760E-11     9.176E-12  9.176E-12 
num_a4        1.366E+10  1.366E+10     9.666E+09  9.666E+09     6.703E+09  6.703E+09     3.494E+09  3.494E+09 
so4_c1        0.000E+00  0.000E+00     0.000E+00  0.000E+00     0.000E+00  0.000E+00     0.000E+00  0.000E+00 
pom_c1        0.000E+00  0.000E+00     0.000E+00  0.000E+00     0.000E+00  0.000E+00     0.000E+00  0.000E+00 
soa_c1        0.000E+00  0.000E+00     0.000E+00  0.000E+00     0.000E+00  0.000E+00     0.000E+00  0.000E+00 
bc_c1         0.000E+00  0.000E+00     0.000E+00  0.000E+00     0.000E+00  0.000E+00     0.000E+00  0.000E+00 
ncl_c1        0.000E+00  0.000E+00     0.000E+00  0.000E+00     0.000E+00  0.000E+00     0.000E+00  0.000E+00 
dst_c1        0.000E+00  0.000E+00     0.000E+00  0.000E+00     0.000E+00  0.000E+00     0.000E+00  0.000E+00 
num_c1        0.000E+00  0.000E+00     0.000E+00  0.000E+00     0.000E+00  0.000E+00     0.000E+00  0.000E+00 
so4_c2        0.000E+00  0.000E+00     0.000E+00  0.000E+00     0.000E+00  0.000E+00     0.000E+00  0.000E+00 
soa_c2        0.000E+00  0.000E+00     0.000E+00  0.000E+00     0.000E+00  0.000E+00     0.000E+00  0.000E+00 
ncl_c2        0.000E+00  0.000E+00     0.000E+00  0.000E+00     0.000E+00  0.000E+00     0.000E+00  0.000E+00 
num_c2        0.000E+00  0.000E+00     0.000E+00  0.000E+00     0.000E+00  0.000E+00     0.000E+00  0.000E+00 
dst_c3        0.000E+00  0.000E+00     0.000E+00  0.000E+00     0.000E+00  0.000E+00     0.000E+00  0.000E+00 
ncl_c3        0.000E+00  0.000E+00     0.000E+00  0.000E+00     0.000E+00  0.000E+00     0.000E+00  0.000E+00 
so4_c3        0.000E+00  0.000E+00     0.000E+00  0.000E+00     0.000E+00  0.000E+00     0.000E+00  0.000E+00 
num_c3        0.000E+00  0.000E+00     0.000E+00  0.000E+00     0.000E+00  0.000E+00     0.000E+00  0.000E+00 
pom_c4        0.000E+00  0.000E+00     0.000E+00  0.000E+00     0.000E+00  0.000E+00     0.000E+00  0.000E+00 
bc_c4         0.000E+00  0.000E+00     0.000E+00  0.000E+00     0.000E+00  0.000E+00     0.000E+00  0.000E+00 
num_c4        0.000E+00  0.000E+00     0.000E+00  0.000E+00     0.000E+00  0.000E+00     0.000E+00  0.000E+00 

cldch       2       5
H2O2          0.000E+00  0.000E+00     0.000E+00  0.000E+00     0.000E+00  0.000E+00     0.000E+00  0.000E+00 
H2SO4         0.000E+00  0.000E+00     0.000E+00  0.000E+00     0.000E+00  0.000E+00     0.000E+00  0.000E+00 
SO2           0.000E+00  0.000E+00     0.000E+00  0.000E+00     0.000E+00  0.000E+00     0.000E+00  0.000E+00 
DMS           0.000E+00  0.000E+00     0.000E+00  0.000E+00     0.000E+00  0.000E+00     0.000E+00  0.000E+00 
SOAG          9.466E-11  9.466E-11     7.161E-11  7.161E-11     5.636E-11  5.636E-11     3.925E-11  3.925E-11 
so4_a1        0.000E+00  0.000E+00     0.000E+00  0.000E+00     0.000E+00  0.000E+00     0.000E+00  0.000E+00 
pom_a1        1.675E-11  1.675E-11     2.632E-11  2.632E-11     1.143E-11  1.143E-11     2.350E-12  2.350E-12 
soa_a1        5.344E-12  5.344E-12     8.399E-12  8.399E-12     3.648E-12  3.648E-12     7.498E-13  7.498E-13 
bc_a1         1.861E-12  1.861E-12     2.925E-12  2.925E-12     1.270E-12  1.270E-12     2.611E-13  2.611E-13 
ncl_a1        0.000E+00  0.000E+00     0.000E+00  0.000E+00     0.000E+00  0.000E+00     0.000E+00  0.000E+00 
dst_a1        0.000E+00  0.000E+00     0.000E+00  0.000E+00     0.000E+00  0.000E+00     0.000E+00  0.000E+00 
num_a1        7.081E+08  7.081E+08     1.113E+09  1.113E+09     4.836E+08  4.836E+08     9.944E+07  9.944E+07 
so4_a2        0.000E+00  0.000E+00     0.000E+00  0.000E+00     0.000E+00  0.000E+00     0.000E+00  0.000E+00 
soa_a2        0.000E+00  0.000E+00     0.000E+00  0.000E+00     0.000E+00  0.000E+00     0.000E+00  0.000E+00 
ncl_a2        0.000E+00  0.000E+00     0.000E+00  0.000E+00     0.000E+00  0.000E+00     0.000E+00  0.000E+00 
num_a2        0.000E+00  0.000E+00     0.000E+00  0.000E+00     0.000E+00  0.000E+00     0.000E+00  0.000E+00 
dst_a3        0.000E+00  0.000E+00     0.000E+00  0.000E+00     0.000E+00  0.000E+00     0.000E+00  0.000E+00 
ncl_a3        0.000E+00  0.000E+00     0.000E+00  0.000E+00     0.000E+00  0.000E+00     0.000E+00  0.000E+00 
so4_a3        0.000E+00  0.000E+00     0.000E+00  0.000E+00     0.000E+00  0.000E+00     0.000E+00  0.000E+00 
num_a3        0.000E+00  0.000E+00     0.000E+00  0.000E+00     0.000E+00  0.000E+00     0.000E+00  0.000E+00 
pom_a4        3.230E-10  3.230E-10     2.285E-10  2.285E-10     1.584E-10  1.584E-10     8.258E-11  8.258E-11 
bc_a4         3.589E-11  3.589E-11     2.539E-11  2.539E-11     1.760E-11  1.760E-11     9.176E-12  9.176E-12 
num_a4        1.366E+10  1.366E+10     9.666E+09  9.666E+09     6.703E+09  6.703E+09     3.494E+09  3.494E+09 
so4_c1        0.000E+00  0.000E+00     0.000E+00  0.000E+00     0.000E+00  0.000E+00     0.000E+00  0.000E+00 
pom_c1        0.000E+00  0.000E+00     0.000E+00  0.000E+00     0.000E+00  0.000E+00     0.000E+00  0.000E+00 
soa_c1        0.000E+00  0.000E+00     0.000E+00  0.000E+00     0.000E+00  0.000E+00     0.000E+00  0.000E+00 
bc_c1         0.000E+00  0.000E+00     0.000E+00  0.000E+00     0.000E+00  0.000E+00     0.000E+00  0.000E+00 
ncl_c1        0.000E+00  0.000E+00     0.000E+00  0.000E+00     0.000E+00  0.000E+00     0.000E+00  0.000E+00 
dst_c1        0.000E+00  0.000E+00     0.000E+00  0.000E+00     0.000E+00  0.000E+00     0.000E+00  0.000E+00 
num_c1        0.000E+00  0.000E+00     0.000E+00  0.000E+00     0.000E+00  0.000E+00     0.000E+00  0.000E+00 
so4_c2        0.000E+00  0.000E+00     0.000E+00  0.000E+00     0.000E+00  0.000E+00     0.000E+00  0.000E+00 
soa_c2        0.000E+00  0.000E+00     0.000E+00  0.000E+00     0.000E+00  0.000E+00     0.000E+00  0.000E+00 
ncl_c2        0.000E+00  0.000E+00     0.000E+00  0.000E+00     0.000E+00  0.000E+00     0.000E+00  0.000E+00 
num_c2        0.000E+00  0.000E+00     0.000E+00  0.000E+00     0.000E+00  0.000E+00     0.000E+00  0.000E+00 
dst_c3        0.000E+00  0.000E+00     0.000E+00  0.000E+00     0.000E+00  0.000E+00     0.000E+00  0.000E+00 
ncl_c3        0.000E+00  0.000E+00     0.000E+00  0.000E+00     0.000E+00  0.000E+00     0.000E+00  0.000E+00 
so4_c3        0.000E+00  0.000E+00     0.000E+00  0.000E+00     0.000E+00  0.000E+00     0.000E+00  0.000E+00 
num_c3        0.000E+00  0.000E+00     0.000E+00  0.000E+00     0.000E+00  0.000E+00     0.000E+00  0.000E+00 
pom_c4        0.000E+00  0.000E+00     0.000E+00  0.000E+00     0.000E+00  0.000E+00     0.000E+00  0.000E+00 
bc_c4         0.000E+00  0.000E+00     0.000E+00  0.000E+00     0.000E+00  0.000E+00     0.000E+00  0.000E+00 
num_c4        0.000E+00  0.000E+00     0.000E+00  0.000E+00     0.000E+00  0.000E+00     0.000E+00  0.000E+00 

gaex        2       5
H2O2          0.000E+00  0.000E+00     0.000E+00  0.000E+00     0.000E+00  0.000E+00     0.000E+00  0.000E+00 
H2SO4         0.000E+00  0.000E+00     0.000E+00  0.000E+00     0.000E+00  0.000E+00     0.000E+00  0.000E+00 
SO2           0.000E+00  0.000E+00     0.000E+00  0.000E+00     0.000E+00  0.000E+00     0.000E+00  0.000E+00 
DMS           0.000E+00  0.000E+00     0.000E+00  0.000E+00     0.000E+00  0.000E+00     0.000E+00  0.000E+00 
SOAG          9.466E-11  9.004E-11*    7.161E-11  6.413E-11*    5.636E-11  5.293E-11*    3.925E-11  3.851E-11*
so4_a1        0.000E+00  0.000E+00     0.000E+00  0.000E+00     0.000E+00  0.000E+00     0.000E+00  0.000E+00 
pom_a1        1.675E-11  3.005E-11*    2.632E-11  4.716E-11*    1.143E-11  2.145E-11*    2.350E-12  4.593E-12*
soa_a1        5.344E-12  9.973E-12*    8.399E-12  1.588E-11*    3.648E-12  7.081E-12*    7.498E-13  1.486E-12*
bc_a1         1.861E-12  3.338E-12*    2.925E-12  5.240E-12*    1.270E-12  2.383E-12*    2.611E-13  5.103E-13*
ncl_a1        0.000E+00  0.000E+00     0.000E+00  0.000E+00     0.000E+00  0.000E+00     0.000E+00  0.000E+00 
dst_a1        0.000E+00  0.000E+00     0.000E+00  0.000E+00     0.000E+00  0.000E+00     0.000E+00  0.000E+00 
num_a1        7.081E+08  1.269E+09*    1.113E+09  1.993E+09*    4.836E+08  9.070E+08*    9.944E+07  1.943E+08*
so4_a2        0.000E+00  0.000E+00     0.000E+00  0.000E+00     0.000E+00  0.000E+00     0.000E+00  0.000E+00 
soa_a2        0.000E+00  0.000E+00     0.000E+00  0.000E+00     0.000E+00  0.000E+00     0.000E+00  0.000E+00 
ncl_a2        0.000E+00  0.000E+00     0.000E+00  0.000E+00     0.000E+00  0.000E+00     0.000E+00  0.000E+00 
num_a2        0.000E+00  0.000E+00     0.000E+00  0.000E+00     0.000E+00  0.000E+00     0.000E+00  0.000E+00 
dst_a3        0.000E+00  0.000E+00     0.000E+00  0.000E+00     0.000E+00  0.000E+00     0.000E+00  0.000E+00 
ncl_a3        0.000E+00  0.000E+00     0.000E+00  0.000E+00     0.000E+00  0.000E+00     0.000E+00  0.000E+00 
so4_a3        0.000E+00  0.000E+00     0.000E+00  0.000E+00     0.000E+00  0.000E+00     0.000E+00  0.000E+00 
num_a3        0.000E+00  0.000E+00     0.000E+00  0.000E+00     0.000E+00  0.000E+00     0.000E+00  0.000E+00 
pom_a4        3.230E-10  3.097E-10*    2.285E-10  2.076E-10*    1.584E-10  1.484E-10*    8.258E-11  8.034E-11*
bc_a4         3.589E-11  3.441E-11*    2.539E-11  2.307E-11*    1.760E-11  1.649E-11*    9.176E-12  8.926E-12*
num_a4        1.366E+10  1.309E+10*    9.666E+09  8.783E+09*    6.703E+09  6.279E+09*    3.494E+09  3.399E+09*
so4_c1        0.000E+00  0.000E+00     0.000E+00  0.000E+00     0.000E+00  0.000E+00     0.000E+00  0.000E+00 
pom_c1        0.000E+00  0.000E+00     0.000E+00  0.000E+00     0.000E+00  0.000E+00     0.000E+00  0.000E+00 
soa_c1        0.000E+00  0.000E+00     0.000E+00  0.000E+00     0.000E+00  0.000E+00     0.000E+00  0.000E+00 
bc_c1         0.000E+00  0.000E+00     0.000E+00  0.000E+00     0.000E+00  0.000E+00     0.000E+00  0.000E+00 
ncl_c1        0.000E+00  0.000E+00     0.000E+00  0.000E+00     0.000E+00  0.000E+00     0.000E+00  0.000E+00 
dst_c1        0.000E+00  0.000E+00     0.000E+00  0.000E+00     0.000E+00  0.000E+00     0.000E+00  0.000E+00 
num_c1        0.000E+00  0.000E+00     0.000E+00  0.000E+00     0.000E+00  0.000E+00     0.000E+00  0.000E+00 
so4_c2        0.000E+00  0.000E+00     0.000E+00  0.000E+00     0.000E+00  0.000E+00     0.000E+00  0.000E+00 
soa_c2        0.000E+00  0.000E+00     0.000E+00  0.000E+00     0.000E+00  0.000E+00     0.000E+00  0.000E+00 
ncl_c2        0.000E+00  0.000E+00     0.000E+00  0.000E+00     0.000E+00  0.000E+00     0.000E+00  0.000E+00 
num_c2        0.000E+00  0.000E+00     0.000E+00  0.000E+00     0.000E+00  0.000E+00     0.000E+00  0.000E+00 
dst_c3        0.000E+00  0.000E+00     0.000E+00  0.000E+00     0.000E+00  0.000E+00     0.000E+00  0.000E+00 
ncl_c3        0.000E+00  0.000E+00     0.000E+00  0.000E+00     0.000E+00  0.000E+00     0.000E+00  0.000E+00 
so4_c3        0.000E+00  0.000E+00     0.000E+00  0.000E+00     0.000E+00  0.000E+00     0.000E+00  0.000E+00 
num_c3        0.000E+00  0.000E+00     0.000E+00  0.000E+00     0.000E+00  0.000E+00     0.000E+00  0.000E+00 
pom_c4        0.000E+00  0.000E+00     0.000E+00  0.000E+00     0.000E+00  0.000E+00     0.000E+00  0.000E+00 
bc_c4         0.000E+00  0.000E+00     0.000E+00  0.000E+00     0.000E+00  0.000E+00     0.000E+00  0.000E+00 
num_c4        0.000E+00  0.000E+00     0.000E+00  0.000E+00     0.000E+00  0.000E+00     0.000E+00  0.000E+00 
mdo_gasch, cldch, gaex, rename, newnuc, coag    1    1    1    1    1    1
mopt_h2so4_uptake, gaexch_h2so4_uptake_flagaa, newnuc_h2so4_conc_flagaa, mosaic    1    2    2    F
mopt_aero_comp, aero_load, ait_size   11   72    2
deltat, xopt_cloudf   1800.000000      0.600000

gasch       3       5
H2O2          0.000E+00  0.000E+00     0.000E+00  0.000E+00     0.000E+00  0.000E+00     0.000E+00  0.000E+00 
H2SO4         0.000E+00  0.000E+00     0.000E+00  0.000E+00     0.000E+00  0.000E+00     0.000E+00  0.000E+00 
SO2           0.000E+00  0.000E+00     0.000E+00  0.000E+00     0.000E+00  0.000E+00     0.000E+00  0.000E+00 
DMS           0.000E+00  0.000E+00     0.000E+00  0.000E+00     0.000E+00  0.000E+00     0.000E+00  0.000E+00 
SOAG          9.004E-11  9.004E-11     6.413E-11  6.413E-11     5.293E-11  5.293E-11     3.851E-11  3.851E-11 
so4_a1        0.000E+00  0.000E+00     0.000E+00  0.000E+00     0.000E+00  0.000E+00     0.000E+00  0.000E+00 
pom_a1        3.005E-11  3.005E-11     4.716E-11  4.716E-11     2.145E-11  2.145E-11     4.593E-12  4.593E-12 
soa_a1        9.973E-12  9.973E-12     1.588E-11  1.588E-11     7.081E-12  7.081E-12     1.486E-12  1.486E-12 
bc_a1         3.338E-12  3.338E-12     5.240E-12  5.240E-12     2.383E-12  2.383E-12     5.103E-13  5.103E-13 
ncl_a1        0.000E+00  0.000E+00     0.000E+00  0.000E+00     0.000E+00  0.000E+00     0.000E+00  0.000E+00 
dst_a1        0.000E+00  0.000E+00     0.000E+00  0.000E+00     0.000E+00  0.000E+00     0.000E+00  0.000E+00 
num_a1        1.269E+09  1.269E+09     1.993E+09  1.993E+09     9.070E+08  9.070E+08     1.943E+08  1.943E+08 
so4_a2        0.000E+00  0.000E+00     0.000E+00  0.000E+00     0.000E+00  0.000E+00     0.000E+00  0.000E+00 
soa_a2        0.000E+00  0.000E+00     0.000E+00  0.000E+00     0.000E+00  0.000E+00     0.000E+00  0.000E+00 
ncl_a2        0.000E+00  0.000E+00     0.000E+00  0.000E+00     0.000E+00  0.000E+00     0.000E+00  0.000E+00 
num_a2        0.000E+00  0.000E+00     0.000E+00  0.000E+00     0.000E+00  0.000E+00     0.000E+00  0.000E+00 
dst_a3        0.000E+00  0.000E+00     0.000E+00  0.000E+00     0.000E+00  0.000E+00     0.000E+00  0.000E+00 
ncl_a3        0.000E+00  0.000E+00     0.000E+00  0.000E+00     0.000E+00  0.000E+00     0.000E+00  0.000E+00 
so4_a3        0.000E+00  0.000E+00     0.000E+00  0.000E+00     0.000E+00  0.000E+00     0.000E+00  0.000E+00 
num_a3        0.000E+00  0.000E+00     0.000E+00  0.000E+00     0.000E+00  0.000E+00     0.000E+00  0.000E+00 
pom_a4        3.097E-10  3.097E-10     2.076E-10  2.076E-10     1.484E-10  1.484E-10     8.034E-11  8.034E-11 
bc_a4         3.441E-11  3.441E-11     2.307E-11  2.307E-11     1.649E-11  1.649E-11     8.926E-12  8.926E-12 
num_a4        1.309E+10  1.309E+10     8.783E+09  8.783E+09     6.279E+09  6.279E+09     3.399E+09  3.399E+09 
so4_c1        0.000E+00  0.000E+00     0.000E+00  0.000E+00     0.000E+00  0.000E+00     0.000E+00  0.000E+00 
pom_c1        0.000E+00  0.000E+00     0.000E+00  0.000E+00     0.000E+00  0.000E+00     0.000E+00  0.000E+00 
soa_c1        0.000E+00  0.000E+00     0.000E+00  0.000E+00     0.000E+00  0.000E+00     0.000E+00  0.000E+00 
bc_c1         0.000E+00  0.000E+00     0.000E+00  0.000E+00     0.000E+00  0.000E+00     0.000E+00  0.000E+00 
ncl_c1        0.000E+00  0.000E+00     0.000E+00  0.000E+00     0.000E+00  0.000E+00     0.000E+00  0.000E+00 
dst_c1        0.000E+00  0.000E+00     0.000E+00  0.000E+00     0.000E+00  0.000E+00     0.000E+00  0.000E+00 
num_c1        0.000E+00  0.000E+00     0.000E+00  0.000E+00     0.000E+00  0.000E+00     0.000E+00  0.000E+00 
so4_c2        0.000E+00  0.000E+00     0.000E+00  0.000E+00     0.000E+00  0.000E+00     0.000E+00  0.000E+00 
soa_c2        0.000E+00  0.000E+00     0.000E+00  0.000E+00     0.000E+00  0.000E+00     0.000E+00  0.000E+00 
ncl_c2        0.000E+00  0.000E+00     0.000E+00  0.000E+00     0.000E+00  0.000E+00     0.000E+00  0.000E+00 
num_c2        0.000E+00  0.000E+00     0.000E+00  0.000E+00     0.000E+00  0.000E+00     0.000E+00  0.000E+00 
dst_c3        0.000E+00  0.000E+00     0.000E+00  0.000E+00     0.000E+00  0.000E+00     0.000E+00  0.000E+00 
ncl_c3        0.000E+00  0.000E+00     0.000E+00  0.000E+00     0.000E+00  0.000E+00     0.000E+00  0.000E+00 
so4_c3        0.000E+00  0.000E+00     0.000E+00  0.000E+00     0.000E+00  0.000E+00     0.000E+00  0.000E+00 
num_c3        0.000E+00  0.000E+00     0.000E+00  0.000E+00     0.000E+00  0.000E+00     0.000E+00  0.000E+00 
pom_c4        0.000E+00  0.000E+00     0.000E+00  0.000E+00     0.000E+00  0.000E+00     0.000E+00  0.000E+00 
bc_c4         0.000E+00  0.000E+00     0.000E+00  0.000E+00     0.000E+00  0.000E+00     0.000E+00  0.000E+00 
num_c4        0.000E+00  0.000E+00     0.000E+00  0.000E+00     0.000E+00  0.000E+00     0.000E+00  0.000E+00 

cldch       3       5
H2O2          0.000E+00  0.000E+00     0.000E+00  0.000E+00     0.000E+00  0.000E+00     0.000E+00  0.000E+00 
H2SO4         0.000E+00  0.000E+00     0.000E+00  0.000E+00     0.000E+00  0.000E+00     0.000E+00  0.000E+00 
SO2           0.000E+00  0.000E+00     0.000E+00  0.000E+00     0.000E+00  0.000E+00     0.000E+00  0.000E+00 
DMS           0.000E+00  0.000E+00     0.000E+00  0.000E+00     0.000E+00  0.000E+00     0.000E+00  0.000E+00 
SOAG          9.004E-11  9.004E-11     6.413E-11  6.413E-11     5.293E-11  5.293E-11     3.851E-11  3.851E-11 
so4_a1        0.000E+00  0.000E+00     0.000E+00  0.000E+00     0.000E+00  0.000E+00     0.000E+00  0.000E+00 
pom_a1        3.005E-11  3.005E-11     4.716E-11  4.716E-11     2.145E-11  2.145E-11     4.593E-12  4.593E-12 
soa_a1        9.973E-12  9.973E-12     1.588E-11  1.588E-11     7.081E-12  7.081E-12     1.486E-12  1.486E-12 
bc_a1         3.338E-12  3.338E-12     5.240E-12  5.240E-12     2.383E-12  2.383E-12     5.103E-13  5.103E-13 
ncl_a1        0.000E+00  0.000E+00     0.000E+00  0.000E+00     0.000E+00  0.000E+00     0.000E+00  0.000E+00 
dst_a1        0.000E+00  0.000E+00     0.000E+00  0.000E+00     0.000E+00  0.000E+00     0.000E+00  0.000E+00 
num_a1        1.269E+09  1.269E+09     1.993E+09  1.993E+09     9.070E+08  9.070E+08     1.943E+08  1.943E+08 
so4_a2        0.000E+00  0.000E+00     0.000E+00  0.000E+00     0.000E+00  0.000E+00     0.000E+00  0.000E+00 
soa_a2        0.000E+00  0.000E+00     0.000E+00  0.000E+00     0.000E+00  0.000E+00     0.000E+00  0.000E+00 
ncl_a2        0.000E+00  0.000E+00     0.000E+00  0.000E+00     0.000E+00  0.000E+00     0.000E+00  0.000E+00 
num_a2        0.000E+00  0.000E+00     0.000E+00  0.000E+00     0.000E+00  0.000E+00     0.000E+00  0.000E+00 
dst_a3        0.000E+00  0.000E+00     0.000E+00  0.000E+00     0.000E+00  0.000E+00     0.000E+00  0.000E+00 
ncl_a3        0.000E+00  0.000E+00     0.000E+00  0.000E+00     0.000E+00  0.000E+00     0.000E+00  0.000E+00 
so4_a3        0.000E+00  0.000E+00     0.000E+00  0.000E+00     0.000E+00  0.000E+00     0.000E+00  0.000E+00 
num_a3        0.000E+00  0.000E+00     0.000E+00  0.000E+00     0.000E+00  0.000E+00     0.000E+00  0.000E+00 
pom_a4        3.097E-10  3.097E-10     2.076E-10  2.076E-10     1.484E-10  1.484E-10     8.034E-11  8.034E-11 
bc_a4         3.441E-11  3.441E-11     2.307E-11  2.307E-11     1.649E-11  1.649E-11     8.926E-12  8.926E-12 
num_a4        1.309E+10  1.309E+10     8.783E+09  8.783E+09     6.279E+09  6.279E+09     3.399E+09  3.399E+09 
so4_c1        0.000E+00  0.000E+00     0.000E+00  0.000E+00     0.000E+00  0.000E+00     0.000E+00  0.000E+00 
pom_c1        0.000E+00  0.000E+00     0.000E+00  0.000E+00     0.000E+00  0.000E+00     0.000E+00  0.000E+00 
soa_c1        0.000E+00  0.000E+00     0.000E+00  0.000E+00     0.000E+00  0.000E+00     0.000E+00  0.000E+00 
bc_c1         0.000E+00  0.000E+00     0.000E+00  0.000E+00     0.000E+00  0.000E+00     0.000E+00  0.000E+00 
ncl_c1        0.000E+00  0.000E+00     0.000E+00  0.000E+00     0.000E+00  0.000E+00     0.000E+00  0.000E+00 
dst_c1        0.000E+00  0.000E+00     0.000E+00  0.000E+00     0.000E+00  0.000E+00     0.000E+00  0.000E+00 
num_c1        0.000E+00  0.000E+00     0.000E+00  0.000E+00     0.000E+00  0.000E+00     0.000E+00  0.000E+00 
so4_c2        0.000E+00  0.000E+00     0.000E+00  0.000E+00     0.000E+00  0.000E+00     0.000E+00  0.000E+00 
soa_c2        0.000E+00  0.000E+00     0.000E+00  0.000E+00     0.000E+00  0.000E+00     0.000E+00  0.000E+00 
ncl_c2        0.000E+00  0.000E+00     0.000E+00  0.000E+00     0.000E+00  0.000E+00     0.000E+00  0.000E+00 
num_c2        0.000E+00  0.000E+00     0.000E+00  0.000E+00     0.000E+00  0.000E+00     0.000E+00  0.000E+00 
dst_c3        0.000E+00  0.000E+00     0.000E+00  0.000E+00     0.000E+00  0.000E+00     0.000E+00  0.000E+00 
ncl_c3        0.000E+00  0.000E+00     0.000E+00  0.000E+00     0.000E+00  0.000E+00     0.000E+00  0.000E+00 
so4_c3        0.000E+00  0.000E+00     0.000E+00  0.000E+00     0.000E+00  0.000E+00     0.000E+00  0.000E+00 
num_c3        0.000E+00  0.000E+00     0.000E+00  0.000E+00     0.000E+00  0.000E+00     0.000E+00  0.000E+00 
pom_c4        0.000E+00  0.000E+00     0.000E+00  0.000E+00     0.000E+00  0.000E+00     0.000E+00  0.000E+00 
bc_c4         0.000E+00  0.000E+00     0.000E+00  0.000E+00     0.000E+00  0.000E+00     0.000E+00  0.000E+00 
num_c4        0.000E+00  0.000E+00     0.000E+00  0.000E+00     0.000E+00  0.000E+00     0.000E+00  0.000E+00 

gaex        3       5
H2O2          0.000E+00  0.000E+00     0.000E+00  0.000E+00     0.000E+00  0.000E+00     0.000E+00  0.000E+00 
H2SO4         0.000E+00  0.000E+00     0.000E+00  0.000E+00     0.000E+00  0.000E+00     0.000E+00  0.000E+00 
SO2           0.000E+00  0.000E+00     0.000E+00  0.000E+00     0.000E+00  0.000E+00     0.000E+00  0.000E+00 
DMS           0.000E+00  0.000E+00     0.000E+00  0.000E+00     0.000E+00  0.000E+00     0.000E+00  0.000E+00 
SOAG          9.004E-11  8.606E-11*    6.413E-11  5.748E-11*    5.293E-11  4.970E-11*    3.851E-11  3.779E-11*
so4_a1        0.000E+00  0.000E+00     0.000E+00  0.000E+00     0.000E+00  0.000E+00     0.000E+00  0.000E+00 
pom_a1        3.005E-11  4.063E-11*    4.716E-11  6.386E-11*    2.145E-11  3.026E-11*    4.593E-12  6.734E-12*
soa_a1        9.973E-12  1.396E-11*    1.588E-11  2.254E-11*    7.081E-12  1.031E-11*    1.486E-12  2.210E-12*
bc_a1         3.338E-12  4.514E-12*    5.240E-12  7.095E-12*    2.383E-12  3.362E-12*    5.103E-13  7.482E-13*
ncl_a1        0.000E+00  0.000E+00     0.000E+00  0.000E+00     0.000E+00  0.000E+00     0.000E+00  0.000E+00 
dst_a1        0.000E+00  0.000E+00     0.000E+00  0.000E+00     0.000E+00  0.000E+00     0.000E+00  0.000E+00 
num_a1        1.269E+09  1.715E+09*    1.993E+09  2.697E+09*    9.070E+08  1.279E+09*    1.943E+08  2.848E+08*
so4_a2        0.000E+00  0.000E+00     0.000E+00  0.000E+00     0.000E+00  0.000E+00     0.000E+00  0.000E+00 
soa_a2        0.000E+00  0.000E+00     0.000E+00  0.000E+00     0.000E+00  0.000E+00     0.000E+00  0.000E+00 
ncl_a2        0.000E+00  0.000E+00     0.000E+00  0.000E+00     0.000E+00  0.000E+00     0.000E+00  0.000E+00 
num_a2        0.000E+00  0.000E+00     0.000E+00  0.000E+00     0.000E+00  0.000E+00     0.000E+00  0.000E+00 
dst_a3        0.000E+00  0.000E+00     0.000E+00  0.000E+00     0.000E+00  0.000E+00     0.000E+00  0.000E+00 
ncl_a3        0.000E+00  0.000E+00     0.000E+00  0.000E+00     0.000E+00  0.000E+00     0.000E+00  0.000E+00 
so4_a3        0.000E+00  0.000E+00     0.000E+00  0.000E+00     0.000E+00  0.000E+00     0.000E+00  0.000E+00 
num_a3        0.000E+00  0.000E+00     0.000E+00  0.000E+00     0.000E+00  0.000E+00     0.000E+00  0.000E+00 
pom_a4        3.097E-10  2.991E-10*    2.076E-10  1.909E-10*    1.484E-10  1.396E-10*    8.034E-11  7.820E-11*
bc_a4         3.441E-11  3.323E-11*    2.307E-11  2.121E-11*    1.649E-11  1.551E-11*    8.926E-12  8.688E-12*
num_a4        1.309E+10  1.264E+10*    8.783E+09  8.075E+09*    6.279E+09  5.905E+09*    3.399E+09  3.309E+09*
so4_c1        0.000E+00  0.000E+00     0.000E+00  0.000E+00     0.000E+00  0.000E+00     0.000E+00  0.000E+00 
pom_c1        0.000E+00  0.000E+00     0.000E+00  0.000E+00     0.000E+00  0.000E+00     0.000E+00  0.000E+00 
soa_c1        0.000E+00  0.000E+00     0.000E+00  0.000E+00     0.000E+00  0.000E+00     0.000E+00  0.000E+00 
bc_c1         0.000E+00  0.000E+00     0.000E+00  0.000E+00     0.000E+00  0.000E+00     0.000E+00  0.000E+00 
ncl_c1        0.000E+00  0.000E+00     0.000E+00  0.000E+00     0.000E+00  0.000E+00     0.000E+00  0.000E+00 
dst_c1        0.000E+00  0.000E+00     0.000E+00  0.000E+00     0.000E+00  0.000E+00     0.000E+00  0.000E+00 
num_c1        0.000E+00  0.000E+00     0.000E+00  0.000E+00     0.000E+00  0.000E+00     0.000E+00  0.000E+00 
so4_c2        0.000E+00  0.000E+00     0.000E+00  0.000E+00     0.000E+00  0.000E+00     0.000E+00  0.000E+00 
soa_c2        0.000E+00  0.000E+00     0.000E+00  0.000E+00     0.000E+00  0.000E+00     0.000E+00  0.000E+00 
ncl_c2        0.000E+00  0.000E+00     0.000E+00  0.000E+00     0.000E+00  0.000E+00     0.000E+00  0.000E+00 
num_c2        0.000E+00  0.000E+00     0.000E+00  0.000E+00     0.000E+00  0.000E+00     0.000E+00  0.000E+00 
dst_c3        0.000E+00  0.000E+00     0.000E+00  0.000E+00     0.000E+00  0.000E+00     0.000E+00  0.000E+00 
ncl_c3        0.000E+00  0.000E+00     0.000E+00  0.000E+00     0.000E+00  0.000E+00     0.000E+00  0.000E+00 
so4_c3        0.000E+00  0.000E+00     0.000E+00  0.000E+00     0.000E+00  0.000E+00     0.000E+00  0.000E+00 
num_c3        0.000E+00  0.000E+00     0.000E+00  0.000E+00     0.000E+00  0.000E+00     0.000E+00  0.000E+00 
pom_c4        0.000E+00  0.000E+00     0.000E+00  0.000E+00     0.000E+00  0.000E+00     0.000E+00  0.000E+00 
bc_c4         0.000E+00  0.000E+00     0.000E+00  0.000E+00     0.000E+00  0.000E+00     0.000E+00  0.000E+00 
num_c4        0.000E+00  0.000E+00     0.000E+00  0.000E+00     0.000E+00  0.000E+00     0.000E+00  0.000E+00 
