mdo_gasch, cldch, gaex, rename, newnuc, coag    1    1    1    1    1    1
mopt_h2so4_uptake, gaexch_h2so4_uptake_flagaa, newnuc_h2so4_conc_flagaa, mosaic    1    2    2    F
mopt_aero_comp, aero_load, ait_size   11   72    2
deltat, xopt_cloudf   1800.000000      0.600000

gasch       1       9
H2O2          0.000E+00  0.000E+00     0.000E+00  0.000E+00     0.000E+00  0.000E+00     0.000E+00  0.000E+00 
H2SO4         0.000E+00  5.982E-11*    0.000E+00  4.786E-11*    0.000E+00  3.589E-11*    0.000E+00  2.393E-11*
SO2           1.000E-08  9.940E-09*    8.000E-09  7.952E-09*    6.000E-09  5.964E-09*    4.000E-09  3.976E-09*
DMS           0.000E+00  0.000E+00     0.000E+00  0.000E+00     0.000E+00  0.000E+00     0.000E+00  0.000E+00 
SOAG          1.000E-10  1.000E-10     8.000E-11  8.000E-11     6.000E-11  6.000E-11     4.000E-11  4.000E-11 
so4_a1        0.000E+00  0.000E+00     0.000E+00  0.000E+00     0.000E+00  0.000E+00     0.000E+00  0.000E+00 
pom_a1        0.000E+00  0.000E+00     0.000E+00  0.000E+00     0.000E+00  0.000E+00     0.000E+00  0.000E+00 
soa_a1        0.000E+00  0.000E+00     0.000E+00  0.000E+00     0.000E+00  0.000E+00     0.000E+00  0.000E+00 
bc_a1         0.000E+00  0.000E+00     0.000E+00  0.000E+00     0.000E+00  0.000E+00     0.000E+00  0.000E+00 
ncl_a1        0.000E+00  0.000E+00     0.000E+00  0.000E+00     0.000E+00  0.000E+00     0.000E+00  0.000E+00 
dst_a1        0.000E+00  0.000E+00     0.000E+00  0.000E+00     0.000E+00  0.000E+00     0.000E+00  0.000E+00 
num_a1        0.000E+00  0.000E+00     0.000E+00  0.000E+00     0.000E+00  0.000E+00     0.000E+00  0.000E+00 
so4_a2        0.000E+00  0.000E+00     0.000E+00  0.000E+00     0.000E+00  0.000E+00     0.000E+00  0.000E+00 
soa_a2        0.000E+00  0.000E+00     0.000E+00  0.000E+00     0.000E+00  0.000E+00     0.000E+00  0.000E+00 
ncl_a2        0.000E+00  0.000E+00     0.000E+00  0.000E+00     0.000E+00  0.000E+00     0.000E+00  0.000E+00 
num_a2        0.000E+00  0.000E+00     0.000E+00  0.000E+00     0.000E+00  0.000E+00     0.000E+00  0.000E+00 
dst_a3        0.000E+00  0.000E+00     0.000E+00  0.000E+00     0.000E+00  0.000E+00     0.000E+00  0.000E+00 
ncl_a3        0.000E+00  0.000E+00     0.000E+00  0.000E+00     0.000E+00  0.000E+00     0.000E+00  0.000E+00 
so4_a3        0.000E+00  0.000E+00     0.000E+00  0.000E+00     0.000E+00  0.000E+00     0.000E+00  0.000E+00 
num_a3        0.000E+00  0.000E+00     0.000E+00  0.000E+00     0.000E+00  0.000E+00     0.000E+00  0.000E+00 
pom_a4        3.397E-10  3.397E-10     2.548E-10  2.548E-10     1.699E-10  1.699E-10     8.493E-11  8.493E-11 
bc_a4         3.775E-11  3.775E-11     2.831E-11  2.831E-11     1.887E-11  1.887E-11     9.437E-12  9.437E-12 
num_a4        1.438E+10  1.438E+10     1.078E+10  1.078E+10     7.188E+09  7.188E+09     3.594E+09  3.594E+09 
so4_c1        0.000E+00  0.000E+00     0.000E+00  0.000E+00     0.000E+00  0.000E+00     0.000E+00  0.000E+00 
pom_c1        0.000E+00  0.000E+00     0.000E+00  0.000E+00     0.000E+00  0.000E+00     0.000E+00  0.000E+00 
soa_c1        0.000E+00  0.000E+00     0.000E+00  0.000E+00     0.000E+00  0.000E+00     0.000E+00  0.000E+00 
bc_c1         0.000E+00  0.000E+00     0.000E+00  0.000E+00     0.000E+00  0.000E+00     0.000E+00  0.000E+00 
ncl_c1        0.000E+00  0.000E+00     0.000E+00  0.000E+00     0.000E+00  0.000E+00     0.000E+00  0.000E+00 
dst_c1        0.000E+00  0.000E+00     0.000E+00  0.000E+00     0.000E+00  0.000E+00     0.000E+00  0.000E+00 
num_c1        0.000E+00  0.000E+00     0.000E+00  0.000E+00     0.000E+00  0.000E+00     0.000E+00  0.000E+00 
so4_c2        0.000E+00  0.000E+00     0.000E+00  0.000E+00     0.000E+00  0.000E+00     0.000E+00  0.000E+00 
soa_c2        0.000E+00  0.000E+00     0.000E+00  0.000E+00     0.000E+00  0.000E+00     0.000E+00  0.000E+00 
ncl_c2        0.000E+00  0.000E+00     0.000E+00  0.000E+00     0.000E+00  0.000E+00     0.000E+00  0.000E+00 
num_c2        0.000E+00  0.000E+00     0.000E+00  0.000E+00     0.000E+00  0.000E+00     0.000E+00  0.000E+00 
dst_c3        0.000E+00  0.000E+00     0.000E+00  0.000E+00     0.000E+00  0.000E+00     0.000E+00  0.000E+00 
ncl_c3        0.000E+00  0.000E+00     0.000E+00  0.000E+00     0.000E+00  0.000E+00     0.000E+00  0.000E+00 
so4_c3        0.000E+00  0.000E+00     0.000E+00  0.000E+00     0.000E+00  0.000E+00     0.000E+00  0.000E+00 
num_c3        0.000E+00  0.000E+00     0.000E+00  0.000E+00     0.000E+00  0.000E+00     0.000E+00  0.000E+00 
pom_c4        0.000E+00  0.000E+00     0.000E+00  0.000E+00     0.000E+00  0.000E+00     0.000E+00  0.000E+00 
bc_c4         0.000E+00  0.000E+00     0.000E+00  0.000E+00     0.000E+00  0.000E+00     0.000E+00  0.000E+00 
num_c4        0.000E+00  0.000E+00     0.000E+00  0.000E+00     0.000E+00  0.000E+00     0.000E+00  0.000E+00 

cldch       1       9
H2O2          0.000E+00  0.000E+00     0.000E+00  0.000E+00     0.000E+00  0.000E+00     0.000E+00  0.000E+00 
H2SO4         5.982E-11  2.393E-11*    4.786E-11  1.914E-11*    3.589E-11  1.436E-11*    2.393E-11  9.571E-12*
SO2           9.940E-09  7.746E-09*    7.952E-09  6.197E-09*    5.964E-09  4.648E-09*    3.976E-09  3.098E-09*
DMS           0.000E+00  0.000E+00     0.000E+00  0.000E+00     0.000E+00  0.000E+00     0.000E+00  0.000E+00 
SOAG          1.000E-10  1.000E-10     8.000E-11  8.000E-11     6.000E-11  6.000E-11     4.000E-11  4.000E-11 
so4_a1        0.000E+00  0.000E+00     0.000E+00  0.000E+00     0.000E+00  0.000E+00     0.000E+00  0.000E+00 
pom_a1        0.000E+00  0.000E+00     0.000E+00  0.000E+00     0.000E+00  0.000E+00     0.000E+00  0.000E+00 
soa_a1        0.000E+00  0.000E+00     0.000E+00  0.000E+00     0.000E+00  0.000E+00     0.000E+00  0.000E+00 
bc_a1         0.000E+00  0.000E+00     0.000E+00  0.000E+00     0.000E+00  0.000E+00     0.000E+00  0.000E+00 
ncl_a1        0.000E+00  0.000E+00     0.000E+00  0.000E+00     0.000E+00  0.000E+00     0.000E+00  0.000E+00 
dst_a1        0.000E+00  0.000E+00     0.000E+00  0.000E+00     0.000E+00  0.000E+00     0.000E+00  0.000E+00 
num_a1        0.000E+00  0.000E+00     0.000E+00  0.000E+00     0.000E+00  0.000E+00     0.000E+00  0.000E+00 
so4_a2        0.000E+00  0.000E+00     0.000E+00  0.000E+00     0.000E+00  0.000E+00     0.000E+00  0.000E+00 
soa_a2        0.000E+00  0.000E+00     0.000E+00  0.000E+00     0.000E+00  0.000E+00     0.000E+00  0.000E+00 
ncl_a2        0.000E+00  0.000E+00     0.000E+00  0.000E+00     0.000E+00  0.000E+00     0.000E+00  0.000E+00 
num_a2        0.000E+00  0.000E+00     0.000E+00  0.000E+00     0.000E+00  0.000E+00     0.000E+00  0.000E+00 
dst_a3        0.000E+00  0.000E+00     0.000E+00  0.000E+00     0.000E+00  0.000E+00     0.000E+00  0.000E+00 
ncl_a3        0.000E+00  0.000E+00     0.000E+00  0.000E+00     0.000E+00  0.000E+00     0.000E+00  0.000E+00 
so4_a3        0.000E+00  0.000E+00     0.000E+00  0.000E+00     0.000E+00  0.000E+00     0.000E+00  0.000E+00 
num_a3        0.000E+00  0.000E+00     0.000E+00  0.000E+00     0.000E+00  0.000E+00     0.000E+00  0.000E+00 
pom_a4        3.397E-10  3.397E-10     2.548E-10  2.548E-10     1.699E-10  1.699E-10     8.493E-11  8.493E-11 
bc_a4         3.775E-11  3.775E-11     2.831E-11  2.831E-11     1.887E-11  1.887E-11     9.437E-12  9.437E-12 
num_a4        1.438E+10  1.438E+10     1.078E+10  1.078E+10     7.188E+09  7.188E+09     3.594E+09  3.594E+09 
so4_c1        0.000E+00  2.230E-09*    0.000E+00  1.784E-09*    0.000E+00  1.338E-09*    0.000E+00  8.920E-10*
pom_c1        0.000E+00  0.000E+00     0.000E+00  0.000E+00     0.000E+00  0.000E+00     0.000E+00  0.000E+00 
soa_c1        0.000E+00  0.000E+00     0.000E+00  0.000E+00     0.000E+00  0.000E+00     0.000E+00  0.000E+00 
bc_c1         0.000E+00  0.000E+00     0.000E+00  0.000E+00     0.000E+00  0.000E+00     0.000E+00  0.000E+00 
ncl_c1        0.000E+00  0.000E+00     0.000E+00  0.000E+00     0.000E+00  0.000E+00     0.000E+00  0.000E+00 
dst_c1        0.000E+00  0.000E+00     0.000E+00  0.000E+00     0.000E+00  0.000E+00     0.000E+00  0.000E+00 
num_c1        0.000E+00  0.000E+00     0.000E+00  0.000E+00     0.000E+00  0.000E+00     0.000E+00  0.000E+00 
so4_c2        0.000E+00  0.000E+00     0.000E+00  0.000E+00     0.000E+00  0.000E+00     0.000E+00  0.000E+00 
soa_c2        0.000E+00  0.000E+00     0.000E+00  0.000E+00     0.000E+00  0.000E+00     0.000E+00  0.000E+00 
ncl_c2        0.000E+00  0.000E+00     0.000E+00  0.000E+00     0.000E+00  0.000E+00     0.000E+00  0.000E+00 
num_c2        0.000E+00  0.000E+00     0.000E+00  0.000E+00     0.000E+00  0.000E+00     0.000E+00  0.000E+00 
dst_c3        0.000E+00  0.000E+00     0.000E+00  0.000E+00     0.000E+00  0.000E+00     0.000E+00  0.000E+00 
ncl_c3        0.000E+00  0.000E+00     0.000E+00  0.000E+00     0.000E+00  0.000E+00     0.000E+00  0.000E+00 
so4_c3        0.000E+00  0.000E+00     0.000E+00  0.000E+00     0.000E+00  0.000E+00     0.000E+00  0.000E+00 
num_c3        0.000E+00  0.000E+00     0.000E+00  0.000E+00     0.000E+00  0.000E+00     0.000E+00  0.000E+00 
pom_c4        0.000E+00  0.000E+00     0.000E+00  0.000E+00     0.000E+00  0.000E+00     0.000E+00  0.000E+00 
bc_c4         0.000E+00  0.000E+00     0.000E+00  0.000E+00     0.000E+00  0.000E+00     0.000E+00  0.000E+00 
num_c4        0.000E+00  0.000E+00     0.000E+00  0.000E+00     0.000E+00  0.000E+00     0.000E+00  0.000E+00 

gaex        1       9
H2O2          0.000E+00  0.000E+00     0.000E+00  0.000E+00     0.000E+00  0.000E+00     0.000E+00  0.000E+00 
H2SO4         2.393E-11  1.728E-15*    1.914E-11  3.574E-12*    1.436E-11  1.296E-15*    9.571E-12  9.287E-16*
SO2           7.746E-09  7.746E-09     6.197E-09  6.197E-09     4.648E-09  4.648E-09     3.098E-09  3.098E-09 
DMS           0.000E+00  0.000E+00     0.000E+00  0.000E+00     0.000E+00  0.000E+00     0.000E+00  0.000E+00 
SOAG          1.000E-10  9.466E-11*    8.000E-11  7.161E-11*    6.000E-11  5.636E-11*    4.000E-11  3.925E-11*
so4_a1        0.000E+00  6.690E-12*    0.000E+00  3.646E-12*    0.000E+00  1.410E-12*    0.000E+00  2.875E-13*
pom_a1        0.000E+00  1.359E-10*    0.000E+00  1.019E-10*    0.000E+00  6.794E-11*    0.000E+00  2.002E-11*
soa_a1        0.000E+00  5.344E-12*    0.000E+00  8.399E-12*    0.000E+00  3.648E-12*    0.000E+00  7.498E-13*
bc_a1         0.000E+00  1.510E-11*    0.000E+00  1.132E-11*    0.000E+00  7.549E-12*    0.000E+00  2.224E-12*
ncl_a1        0.000E+00  0.000E+00     0.000E+00  0.000E+00     0.000E+00  0.000E+00     0.000E+00  0.000E+00 
dst_a1        0.000E+00  0.000E+00     0.000E+00  0.000E+00     0.000E+00  0.000E+00     0.000E+00  0.000E+00 
num_a1        0.000E+00  5.744E+09*    0.000E+00  4.310E+09*    0.000E+00  2.874E+09*    0.000E+00  8.471E+08*
so4_a2        0.000E+00  1.724E-11*    0.000E+00  1.192E-11*    0.000E+00  1.295E-11*    0.000E+00  9.283E-12*
soa_a2        0.000E+00  0.000E+00     0.000E+00  0.000E+00     0.000E+00  0.000E+00     0.000E+00  0.000E+00 
ncl_a2        0.000E+00  0.000E+00     0.000E+00  0.000E+00     0.000E+00  0.000E+00     0.000E+00  0.000E+00 
num_a2        0.000E+00  7.649E+11*    0.000E+00  5.593E+11*    0.000E+00  6.164E+11*    0.000E+00  4.684E+11*
dst_a3        0.000E+00  0.000E+00     0.000E+00  0.000E+00     0.000E+00  0.000E+00     0.000E+00  0.000E+00 
ncl_a3        0.000E+00  0.000E+00     0.000E+00  0.000E+00     0.000E+00  0.000E+00     0.000E+00  0.000E+00 
so4_a3        0.000E+00  0.000E+00     0.000E+00  0.000E+00     0.000E+00  0.000E+00     0.000E+00  0.000E+00 
num_a3        0.000E+00  0.000E+00     0.000E+00  0.000E+00     0.000E+00  0.000E+00     0.000E+00  0.000E+00 
pom_a4        3.397E-10  2.038E-10*    2.548E-10  1.529E-10*    1.699E-10  1.019E-10*    8.493E-11  6.491E-11*
bc_a4         3.775E-11  2.265E-11*    2.831E-11  1.699E-11*    1.887E-11  1.132E-11*    9.437E-12  7.212E-12*
num_a4        1.438E+10  8.626E+09*    1.078E+10  6.469E+09*    7.188E+09  4.313E+09*    3.594E+09  2.747E+09*
so4_c1        2.230E-09  2.230E-09     1.784E-09  1.784E-09     1.338E-09  1.338E-09     8.920E-10  8.920E-10 
pom_c1        0.000E+00  0.000E+00     0.000E+00  0.000E+00     0.000E+00  0.000E+00     0.000E+00  0.000E+00 
soa_c1        0.000E+00  0.000E+00     0.000E+00  0.000E+00     0.000E+00  0.000E+00     0.000E+00  0.000E+00 
bc_c1         0.000E+00  0.000E+00     0.000E+00  0.000E+00     0.000E+00  0.000E+00     0.000E+00  0.000E+00 
ncl_c1        0.000E+00  0.000E+00     0.000E+00  0.000E+00     0.000E+00  0.000E+00     0.000E+00  0.000E+00 
dst_c1        0.000E+00  0.000E+00     0.000E+00  0.000E+00     0.000E+00  0.000E+00     0.000E+00  0.000E+00 
num_c1        0.000E+00  0.000E+00     0.000E+00  0.000E+00     0.000E+00  0.000E+00     0.000E+00  0.000E+00 
so4_c2        0.000E+00  0.000E+00     0.000E+00  0.000E+00     0.000E+00  0.000E+00     0.000E+00  0.000E+00 
soa_c2        0.000E+00  0.000E+00     0.000E+00  0.000E+00     0.000E+00  0.000E+00     0.000E+00  0.000E+00 
ncl_c2        0.000E+00  0.000E+00     0.000E+00  0.000E+00     0.000E+00  0.000E+00     0.000E+00  0.000E+00 
num_c2        0.000E+00  0.000E+00     0.000E+00  0.000E+00     0.000E+00  0.000E+00     0.000E+00  0.000E+00 
dst_c3        0.000E+00  0.000E+00     0.000E+00  0.000E+00     0.000E+00  0.000E+00     0.000E+00  0.000E+00 
ncl_c3        0.000E+00  0.000E+00     0.000E+00  0.000E+00     0.000E+00  0.000E+00     0.000E+00  0.000E+00 
so4_c3        0.000E+00  0.000E+00     0.000E+00  0.000E+00     0.000E+00  0.000E+00     0.000E+00  0.000E+00 
num_c3        0.000E+00  0.000E+00     0.000E+00  0.000E+00     0.000E+00  0.000E+00     0.000E+00  0.000E+00 
pom_c4        0.000E+00  0.000E+00     0.000E+00  0.000E+00     0.000E+00  0.000E+00     0.000E+00  0.000E+00 
bc_c4         0.000E+00  0.000E+00     0.000E+00  0.000E+00     0.000E+00  0.000E+00     0.000E+00  0.000E+00 
num_c4        0.000E+00  0.000E+00     0.000E+00  0.000E+00     0.000E+00  0.000E+00     0.000E+00  0.000E+00 
mdo_gasch, cldch, gaex, rename, newnuc, coag    1    1    1    1    1    1
mopt_h2so4_uptake, gaexch_h2so4_uptake_flagaa, newnuc_h2so4_conc_flagaa, mosaic    1    2    2    F
mopt_aero_comp, aero_load, ait_size   11   72    2
deltat, xopt_cloudf   1800.000000      0.600000

gasch       2       9
H2O2          0.000E+00  0.000E+00     0.000E+00  0.000E+00     0.000E+00  0.000E+00     0.000E+00  0.000E+00 
H2SO4         1.728E-15  4.634E-11*    3.574E-12  3.707E-11*    1.296E-15  2.780E-11*    9.287E-16  1.853E-11*
SO2           7.746E-09  7.700E-09*    6.197E-09  6.160E-09*    4.648E-09  4.620E-09*    3.098E-09  3.080E-09*
DMS           0.000E+00  0.000E+00     0.000E+00  0.000E+00     0.000E+00  0.000E+00     0.000E+00  0.000E+00 
SOAG          9.466E-11  9.466E-11     7.161E-11  7.161E-11     5.636E-11  5.636E-11     3.925E-11  3.925E-11 
so4_a1        6.690E-12  6.690E-12     3.646E-12  3.646E-12     1.410E-12  1.410E-12     2.875E-13  2.875E-13 
pom_a1        1.359E-10  1.359E-10     1.019E-10  1.019E-10     6.794E-11  6.794E-11     2.002E-11  2.002E-11 
soa_a1        5.344E-12  5.344E-12     8.399E-12  8.399E-12     3.648E-12  3.648E-12     7.498E-13  7.498E-13 
bc_a1         1.510E-11  1.510E-11     1.132E-11  1.132E-11     7.549E-12  7.549E-12     2.224E-12  2.224E-12 
ncl_a1        0.000E+00  0.000E+00     0.000E+00  0.000E+00     0.000E+00  0.000E+00     0.000E+00  0.000E+00 
dst_a1        0.000E+00  0.000E+00     0.000E+00  0.000E+00     0.000E+00  0.000E+00     0.000E+00  0.000E+00 
num_a1        5.744E+09  5.744E+09     4.309E+09  4.309E+09     2.874E+09  2.874E+09     8.469E+08  8.469E+08 
so4_a2        1.724E-11  1.724E-11     1.192E-11  1.192E-11     1.295E-11  1.295E-11     9.283E-12  9.283E-12 
soa_a2        0.000E+00  0.000E+00     0.000E+00  0.000E+00     0.000E+00  0.000E+00     0.000E+00  0.000E+00 
ncl_a2        0.000E+00  0.000E+00     0.000E+00  0.000E+00     0.000E+00  0.000E+00     0.000E+00  0.000E+00 
num_a2        7.649E+11  7.649E+11     5.593E+11  5.593E+11     6.164E+11  6.164E+11     4.684E+11  4.684E+11 
dst_a3        0.000E+00  0.000E+00     0.000E+00  0.000E+00     0.000E+00  0.000E+00     0.000E+00  0.000E+00 
ncl_a3        0.000E+00  0.000E+00     0.000E+00  0.000E+00     0.000E+00  0.000E+00     0.000E+00  0.000E+00 
so4_a3        0.000E+00  0.000E+00     0.000E+00  0.000E+00     0.000E+00  0.000E+00     0.000E+00  0.000E+00 
num_a3        0.000E+00  0.000E+00     0.000E+00  0.000E+00     0.000E+00  0.000E+00     0.000E+00  0.000E+00 
pom_a4        2.038E-10  2.038E-10     1.529E-10  1.529E-10     1.019E-10  1.019E-10     6.491E-11  6.491E-11 
bc_a4         2.265E-11  2.265E-11     1.699E-11  1.699E-11     1.132E-11  1.132E-11     7.212E-12  7.212E-12 
num_a4        8.626E+09  8.626E+09     6.469E+09  6.469E+09     4.313E+09  4.313E+09     2.747E+09  2.747E+09 
so4_c1        2.230E-09  2.230E-09     1.784E-09  1.784E-09     1.338E-09  1.338E-09     8.920E-10  8.920E-10 
pom_c1        0.000E+00  0.000E+00     0.000E+00  0.000E+00     0.000E+00  0.000E+00     0.000E+00  0.000E+00 
soa_c1        0.000E+00  0.000E+00     0.000E+00  0.000E+00     0.000E+00  0.000E+00     0.000E+00  0.000E+00 
bc_c1         0.000E+00  0.000E+00     0.000E+00  0.000E+00     0.000E+00  0.000E+00     0.000E+00  0.000E+00 
ncl_c1        0.000E+00  0.000E+00     0.000E+00  0.000E+00     0.000E+00  0.000E+00     0.000E+00  0.000E+00 
dst_c1        0.000E+00  0.000E+00     0.000E+00  0.000E+00     0.000E+00  0.000E+00     0.000E+00  0.000E+00 
num_c1        5.261E+05  5.261E+05     4.209E+05  4.209E+05     3.157E+05  3.157E+05     2.104E+05  2.104E+05 
so4_c2        0.000E+00  0.000E+00     0.000E+00  0.000E+00     0.000E+00  0.000E+00     0.000E+00  0.000E+00 
soa_c2        0.000E+00  0.000E+00     0.000E+00  0.000E+00     0.000E+00  0.000E+00     0.000E+00  0.000E+00 
ncl_c2        0.000E+00  0.000E+00     0.000E+00  0.000E+00     0.000E+00  0.000E+00     0.000E+00  0.000E+00 
num_c2        0.000E+00  0.000E+00     0.000E+00  0.000E+00     0.000E+00  0.000E+00     0.000E+00  0.000E+00 
dst_c3        0.000E+00  0.000E+00     0.000E+00  0.000E+00     0.000E+00  0.000E+00     0.000E+00  0.000E+00 
ncl_c3        0.000E+00  0.000E+00     0.000E+00  0.000E+00     0.000E+00  0.000E+00     0.000E+00  0.000E+00 
so4_c3        0.000E+00  0.000E+00     0.000E+00  0.000E+00     0.000E+00  0.000E+00     0.000E+00  0.000E+00 
num_c3        0.000E+00  0.000E+00     0.000E+00  0.000E+00     0.000E+00  0.000E+00     0.000E+00  0.000E+00 
pom_c4        0.000E+00  0.000E+00     0.000E+00  0.000E+00     0.000E+00  0.000E+00     0.000E+00  0.000E+00 
bc_c4         0.000E+00  0.000E+00     0.000E+00  0.000E+00     0.000E+00  0.000E+00     0.000E+00  0.000E+00 
num_c4        0.000E+00  0.000E+00     0.000E+00  0.000E+00     0.000E+00  0.000E+00     0.000E+00  0.000E+00 

cldch       2       9
H2O2          0.000E+00  0.000E+00     0.000E+00  0.000E+00     0.000E+00  0.000E+00     0.000E+00  0.000E+00 
H2SO4         4.634E-11  1.853E-11*    3.707E-11  1.483E-11*    2.780E-11  1.112E-11*    1.853E-11  7.414E-12*
SO2           7.700E-09  6.000E-09*    6.160E-09  4.800E-09*    4.620E-09  3.600E-09*    3.080E-09  2.400E-09*
DMS           0.000E+00  0.000E+00     0.000E+00  0.000E+00     0.000E+00  0.000E+00     0.000E+00  0.000E+00 
SOAG          9.466E-11  9.466E-11     7.161E-11  7.161E-11     5.636E-11  5.636E-11     3.925E-11  3.925E-11 
so4_a1        6.690E-12  6.690E-12     3.646E-12  3.646E-12     1.410E-12  1.410E-12     2.875E-13  2.875E-13 
pom_a1        1.359E-10  1.359E-10     1.019E-10  1.019E-10     6.794E-11  6.794E-11     2.002E-11  2.002E-11 
soa_a1        5.344E-12  5.344E-12     8.399E-12  8.399E-12     3.648E-12  3.648E-12     7.498E-13  7.498E-13 
bc_a1         1.510E-11  1.510E-11     1.132E-11  1.132E-11     7.549E-12  7.549E-12     2.224E-12  2.224E-12 
ncl_a1        0.000E+00  0.000E+00     0.000E+00  0.000E+00     0.000E+00  0.000E+00     0.000E+00  0.000E+00 
dst_a1        0.000E+00  0.000E+00     0.000E+00  0.000E+00     0.000E+00  0.000E+00     0.000E+00  0.000E+00 
num_a1        5.744E+09  5.744E+09     4.309E+09  4.309E+09     2.874E+09  2.874E+09     8.469E+08  8.469E+08 
so4_a2        1.724E-11  1.724E-11     1.192E-11  1.192E-11     1.295E-11  1.295E-11     9.283E-12  9.283E-12 
soa_a2        0.000E+00  0.000E+00     0.000E+00  0.000E+00     0.000E+00  0.000E+00     0.000E+00  0.000E+00 
ncl_a2        0.000E+00  0.000E+00     0.000E+00  0.000E+00     0.000E+00  0.000E+00     0.000E+00  0.000E+00 
num_a2        7.649E+11  7.649E+11     5.593E+11  5.593E+11     6.164E+11  6.164E+11     4.684E+11  4.684E+11 
dst_a3        0.000E+00  0.000E+00     0.000E+00  0.000E+00     0.000E+00  0.000E+00     0.000E+00  0.000E+00 
ncl_a3        0.000E+00  0.000E+00     0.000E+00  0.000E+00     0.000E+00  0.000E+00     0.000E+00  0.000E+00 
so4_a3        0.000E+00  0.000E+00     0.000E+00  0.000E+00     0.000E+00  0.000E+00     0.000E+00  0.000E+00 
num_a3        0.000E+00  0.000E+00     0.000E+00  0.000E+00     0.000E+00  0.000E+00     0.000E+00  0.000E+00 
pom_a4        2.038E-10  2.038E-10     1.529E-10  1.529E-10     1.019E-10  1.019E-10     6.491E-11  6.491E-11 
bc_a4         2.265E-11  2.265E-11     1.699E-11  1.699E-11     1.132E-11  1.132E-11     7.212E-12  7.212E-12 
num_a4        8.626E+09  8.626E+09     6.469E+09  6.469E+09     4.313E+09  4.313E+09     2.747E+09  2.747E+09 
so4_c1        2.230E-09  3.957E-09*    1.784E-09  3.166E-09*    1.338E-09  2.374E-09*    8.920E-10  1.583E-09*
pom_c1        0.000E+00  0.000E+00     0.000E+00  0.000E+00     0.000E+00  0.000E+00     0.000E+00  0.000E+00 
soa_c1        0.000E+00  0.000E+00     0.000E+00  0.000E+00     0.000E+00  0.000E+00     0.000E+00  0.000E+00 
bc_c1         0.000E+00  0.000E+00     0.000E+00  0.000E+00     0.000E+00  0.000E+00     0.000E+00  0.000E+00 
ncl_c1        0.000E+00  0.000E+00     0.000E+00  0.000E+00     0.000E+00  0.000E+00     0.000E+00  0.000E+00 
dst_c1        0.000E+00  0.000E+00     0.000E+00  0.000E+00     0.000E+00  0.000E+00     0.000E+00  0.000E+00 
num_c1        5.261E+05  5.261E+05     4.209E+05  4.209E+05     3.157E+05  3.157E+05     2.104E+05  2.104E+05 
so4_c2        0.000E+00  0.000E+00     0.000E+00  0.000E+00     0.000E+00  0.000E+00     0.000E+00  0.000E+00 
soa_c2        0.000E+00  0.000E+00     0.000E+00  0.000E+00     0.000E+00  0.000E+00     0.000E+00  0.000E+00 
ncl_c2        0.000E+00  0.000E+00     0.000E+00  0.000E+00     0.000E+00  0.000E+00     0.000E+00  0.000E+00 
num_c2        0.000E+00  0.000E+00     0.000E+00  0.000E+00     0.000E+00  0.000E+00     0.000E+00  0.000E+00 
dst_c3        0.000E+00  0.000E+00     0.000E+00  0.000E+00     0.000E+00  0.000E+00     0.000E+00  0.000E+00 
ncl_c3        0.000E+00  0.000E+00     0.000E+00  0.000E+00     0.000E+00  0.000E+00     0.000E+00  0.000E+00 
so4_c3        0.000E+00  0.000E+00     0.000E+00  0.000E+00     0.000E+00  0.000E+00     0.000E+00  0.000E+00 
num_c3        0.000E+00  0.000E+00     0.000E+00  0.000E+00     0.000E+00  0.000E+00     0.000E+00  0.000E+00 
pom_c4        0.000E+00  0.000E+00     0.000E+00  0.000E+00     0.000E+00  0.000E+00     0.000E+00  0.000E+00 
bc_c4         0.000E+00  0.000E+00     0.000E+00  0.000E+00     0.000E+00  0.000E+00     0.000E+00  0.000E+00 
num_c4        0.000E+00  0.000E+00     0.000E+00  0.000E+00     0.000E+00  0.000E+00     0.000E+00  0.000E+00 

gaex        2       9
H2O2          0.000E+00  0.000E+00     0.000E+00  0.000E+00     0.000E+00  0.000E+00     0.000E+00  0.000E+00 
H2SO4         1.853E-11  5.517E-16*    1.483E-11  7.149E-12*    1.112E-11  7.863E-16*    7.414E-12  6.487E-16*
SO2           6.000E-09  6.000E-09     4.800E-09  4.800E-09     3.600E-09  3.600E-09     2.400E-09  2.400E-09 
DMS           0.000E+00  0.000E+00     0.000E+00  0.000E+00     0.000E+00  0.000E+00     0.000E+00  0.000E+00 
SOAG          9.466E-11  8.371E-11*    7.161E-11  5.430E-11*    5.636E-11  4.641E-11*    3.925E-11  3.620E-11*
so4_a1        6.690E-12  1.005E-11*    3.646E-12  6.018E-12*    1.410E-12  2.349E-12*    2.875E-13  4.982E-13*
pom_a1        1.359E-10  2.174E-10*    1.019E-10  1.631E-10*    6.794E-11  1.084E-10*    2.002E-11  3.169E-11*
soa_a1        5.344E-12  1.201E-11*    8.399E-12  1.411E-11*    3.648E-12  6.435E-12*    7.498E-13  1.420E-12*
bc_a1         1.510E-11  2.416E-11*    1.132E-11  1.812E-11*    7.549E-12  1.204E-11*    2.224E-12  3.521E-12*
ncl_a1        0.000E+00  0.000E+00     0.000E+00  0.000E+00     0.000E+00  0.000E+00     0.000E+00  0.000E+00 
dst_a1        0.000E+00  0.000E+00     0.000E+00  0.000E+00     0.000E+00  0.000E+00     0.000E+00  0.000E+00 
num_a1        5.744E+09  9.187E+09*    4.309E+09  6.893E+09*    2.874E+09  4.583E+09*    8.469E+08  1.340E+09*
so4_a2        1.724E-11  3.241E-11*    1.192E-11  1.723E-11*    1.295E-11  2.313E-11*    9.283E-12  1.649E-11*
soa_a2        0.000E+00  4.299E-12*    0.000E+00  1.161E-11*    0.000E+00  7.164E-12*    0.000E+00  2.387E-12*
ncl_a2        0.000E+00  0.000E+00     0.000E+00  0.000E+00     0.000E+00  0.000E+00     0.000E+00  0.000E+00 
num_a2        7.649E+11  9.853E+11*    5.593E+11  5.649E+11*    6.164E+11  9.874E+11*    4.684E+11  7.958E+11*
dst_a3        0.000E+00  0.000E+00     0.000E+00  0.000E+00     0.000E+00  0.000E+00     0.000E+00  0.000E+00 
ncl_a3        0.000E+00  0.000E+00     0.000E+00  0.000E+00     0.000E+00  0.000E+00     0.000E+00  0.000E+00 
so4_a3        0.000E+00  0.000E+00     0.000E+00  0.000E+00     0.000E+00  0.000E+00     0.000E+00  0.000E+00 
num_a3        0.000E+00  0.000E+00     0.000E+00  0.000E+00     0.000E+00  0.000E+00     0.000E+00  0.000E+00 
pom_a4        2.038E-10  1.223E-10*    1.529E-10  9.172E-11*    1.019E-10  6.150E-11*    6.491E-11  5.324E-11*
bc_a4         2.265E-11  1.359E-11*    1.699E-11  1.019E-11*    1.132E-11  6.833E-12*    7.212E-12  5.916E-12*
num_a4        8.626E+09  5.176E+09*    6.469E+09  3.882E+09*    4.313E+09  2.603E+09*    2.747E+09  2.253E+09*
so4_c1        3.957E-09  3.957E-09     3.166E-09  3.166E-09     2.374E-09  2.374E-09     1.583E-09  1.583E-09 
pom_c1        0.000E+00  0.000E+00     0.000E+00  0.000E+00     0.000E+00  0.000E+00     0.000E+00  0.000E+00 
soa_c1        0.000E+00  0.000E+00     0.000E+00  0.000E+00     0.000E+00  0.000E+00     0.000E+00  0.000E+00 
bc_c1         0.000E+00  0.000E+00     0.000E+00  0.000E+00     0.000E+00  0.000E+00     0.000E+00  0.000E+00 
ncl_c1        0.000E+00  0.000E+00     0.000E+00  0.000E+00     0.000E+00  0.000E+00     0.000E+00  0.000E+00 
dst_c1        0.000E+00  0.000E+00     0.000E+00  0.000E+00     0.000E+00  0.000E+00     0.000E+00  0.000E+00 
num_c1        5.261E+05  5.261E+05     4.209E+05  4.209E+05     3.157E+05  3.157E+05     2.104E+05  2.104E+05 
so4_c2        0.000E+00  0.000E+00     0.000E+00  0.000E+00     0.000E+00  0.000E+00     0.000E+00  0.000E+00 
soa_c2        0.000E+00  0.000E+00     0.000E+00  0.000E+00     0.000E+00  0.000E+00     0.000E+00  0.000E+00 
ncl_c2        0.000E+00  0.000E+00     0.000E+00  0.000E+00     0.000E+00  0.000E+00     0.000E+00  0.000E+00 
num_c2        0.000E+00  0.000E+00     0.000E+00  0.000E+00     0.000E+00  0.000E+00     0.000E+00  0.000E+00 
dst_c3        0.000E+00  0.000E+00     0.000E+00  0.000E+00     0.000E+00  0.000E+00     0.000E+00  0.000E+00 
ncl_c3        0.000E+00  0.000E+00     0.000E+00  0.000E+00     0.000E+00  0.000E+00     0.000E+00  0.000E+00 
so4_c3        0.000E+00  0.000E+00     0.000E+00  0.000E+00     0.000E+00  0.000E+00     0.000E+00  0.000E+00 
num_c3        0.000E+00  0.000E+00     0.000E+00  0.000E+00     0.000E+00  0.000E+00     0.000E+00  0.000E+00 
pom_c4        0.000E+00  0.000E+00     0.000E+00  0.000E+00     0.000E+00  0.000E+00     0.000E+00  0.000E+00 
bc_c4         0.000E+00  0.000E+00     0.000E+00  0.000E+00     0.000E+00  0.000E+00     0.000E+00  0.000E+00 
num_c4        0.000E+00  0.000E+00     0.000E+00  0.000E+00     0.000E+00  0.000E+00     0.000E+00  0.000E+00 
mdo_gasch, cldch, gaex, rename, newnuc, coag    1    1    1    1    1    1
mopt_h2so4_uptake, gaexch_h2so4_uptake_flagaa, newnuc_h2so4_conc_flagaa, mosaic    1    2    2    F
mopt_aero_comp, aero_load, ait_size   11   72    2
deltat, xopt_cloudf   1800.000000      0.600000

gasch       3       9
H2O2          0.000E+00  0.000E+00     0.000E+00  0.000E+00     0.000E+00  0.000E+00     0.000E+00  0.000E+00 
H2SO4         5.517E-16  3.589E-11*    7.149E-12  2.871E-11*    7.863E-16  2.154E-11*    6.487E-16  1.436E-11*
SO2           6.000E-09  5.964E-09*    4.800E-09  4.771E-09*    3.600E-09  3.579E-09*    2.400E-09  2.386E-09*
DMS           0.000E+00  0.000E+00     0.000E+00  0.000E+00     0.000E+00  0.000E+00     0.000E+00  0.000E+00 
SOAG          8.371E-11  8.371E-11     5.430E-11  5.430E-11     4.641E-11  4.641E-11     3.620E-11  3.620E-11 
so4_a1        1.005E-11  1.005E-11     6.018E-12  6.018E-12     2.349E-12  2.349E-12     4.982E-13  4.982E-13 
pom_a1        2.174E-10  2.174E-10     1.631E-10  1.631E-10     1.084E-10  1.084E-10     3.169E-11  3.169E-11 
soa_a1        1.201E-11  1.201E-11     1.411E-11  1.411E-11     6.435E-12  6.435E-12     1.420E-12  1.420E-12 
bc_a1         2.416E-11  2.416E-11     1.812E-11  1.812E-11     1.204E-11  1.204E-11     3.521E-12  3.521E-12 
ncl_a1        0.000E+00  0.000E+00     0.000E+00  0.000E+00     0.000E+00  0.000E+00     0.000E+00  0.000E+00 
dst_a1        0.000E+00  0.000E+00     0.000E+00  0.000E+00     0.000E+00  0.000E+00     0.000E+00  0.000E+00 
num_a1        9.187E+09  9.187E+09     6.893E+09  6.893E+09     4.582E+09  4.582E+09     1.340E+09  1.340E+09 
so4_a2        3.241E-11  3.241E-11     1.723E-11  1.723E-11     2.313E-11  2.313E-11     1.649E-11  1.649E-11 
soa_a2        4.299E-12  4.299E-12     1.161E-11  1.161E-11     7.164E-12  7.164E-12     2.387E-12  2.387E-12 
ncl_a2        0.000E+00  0.000E+00     0.000E+00  0.000E+00     0.000E+00  0.000E+00     0.000E+00  0.000E+00 
num_a2        9.853E+11  9.853E+11     5.649E+11  5.649E+11     9.874E+11  9.874E+11     7.958E+11  7.958E+11 
dst_a3        0.000E+00  0.000E+00     0.000E+00  0.000E+00     0.000E+00  0.000E+00     0.000E+00  0.000E+00 
ncl_a3        0.000E+00  0.000E+00     0.000E+00  0.000E+00     0.000E+00  0.000E+00     0.000E+00  0.000E+00 
so4_a3        0.000E+00  0.000E+00     0.000E+00  0.000E+00     0.000E+00  0.000E+00     0.000E+00  0.000E+00 
num_a3        0.000E+00  0.000E+00     0.000E+00  0.000E+00     0.000E+00  0.000E+00     0.000E+00  0.000E+00 
pom_a4        1.223E-10  1.223E-10     9.172E-11  9.172E-11     6.150E-11  6.150E-11     5.324E-11  5.324E-11 
bc_a4         1.359E-11  1.359E-11     1.019E-11  1.019E-11     6.833E-12  6.833E-12     5.916E-12  5.916E-12 
num_a4        5.176E+09  5.176E+09     3.882E+09  3.882E+09     2.603E+09  2.603E+09     2.253E+09  2.253E+09 
so4_c1        3.957E-09  3.957E-09     3.166E-09  3.166E-09     2.374E-09  2.374E-09     1.583E-09  1.583E-09 
pom_c1        0.000E+00  0.000E+00     0.000E+00  0.000E+00     0.000E+00  0.000E+00     0.000E+00  0.000E+00 
soa_c1        0.000E+00  0.000E+00     0.000E+00  0.000E+00     0.000E+00  0.000E+00     0.000E+00  0.000E+00 
bc_c1         0.000E+00  0.000E+00     0.000E+00  0.000E+00     0.000E+00  0.000E+00     0.000E+00  0.000E+00 
ncl_c1        0.000E+00  0.000E+00     0.000E+00  0.000E+00     0.000E+00  0.000E+00     0.000E+00  0.000E+00 
dst_c1        0.000E+00  0.000E+00     0.000E+00  0.000E+00     0.000E+00  0.000E+00     0.000E+00  0.000E+00 
num_c1        1.449E+06  1.449E+06     1.159E+06  1.159E+06     8.692E+05  8.692E+05     5.795E+05  5.795E+05 
so4_c2        0.000E+00  0.000E+00     0.000E+00  0.000E+00     0.000E+00  0.000E+00     0.000E+00  0.000E+00 
soa_c2        0.000E+00  0.000E+00     0.000E+00  0.000E+00     0.000E+00  0.000E+00     0.000E+00  0.000E+00 
ncl_c2        0.000E+00  0.000E+00     0.000E+00  0.000E+00     0.000E+00  0.000E+00     0.000E+00  0.000E+00 
num_c2        0.000E+00  0.000E+00     0.000E+00  0.000E+00     0.000E+00  0.000E+00     0.000E+00  0.000E+00 
dst_c3        0.000E+00  0.000E+00     0.000E+00  0.000E+00     0.000E+00  0.000E+00     0.000E+00  0.000E+00 
ncl_c3        0.000E+00  0.000E+00     0.000E+00  0.000E+00     0.000E+00  0.000E+00     0.000E+00  0.000E+00 
so4_c3        0.000E+00  0.000E+00     0.000E+00  0.000E+00     0.000E+00  0.000E+00     0.000E+00  0.000E+00 
num_c3        0.000E+00  0.000E+00     0.000E+00  0.000E+00     0.000E+00  0.000E+00     0.000E+00  0.000E+00 
pom_c4        0.000E+00  0.000E+00     0.000E+00  0.000E+00     0.000E+00  0.000E+00     0.000E+00  0.000E+00 
bc_c4         0.000E+00  0.000E+00     0.000E+00  0.000E+00     0.000E+00  0.000E+00     0.000E+00  0.000E+00 
num_c4        0.000E+00  0.000E+00     0.000E+00  0.000E+00     0.000E+00  0.000E+00     0.000E+00  0.000E+00 

cldch       3       9
H2O2          0.000E+00  0.000E+00     0.000E+00  0.000E+00     0.000E+00  0.000E+00     0.000E+00  0.000E+00 
H2SO4         3.589E-11  1.436E-11*    2.871E-11  1.149E-11*    2.154E-11  8.614E-12*    1.436E-11  5.743E-12*
SO2           5.964E-09  4.648E-09*    4.771E-09  3.718E-09*    3.579E-09  2.789E-09*    2.386E-09  1.859E-09*
DMS           0.000E+00  0.000E+00     0.000E+00  0.000E+00     0.000E+00  0.000E+00     0.000E+00  0.000E+00 
SOAG          8.371E-11  8.371E-11     5.430E-11  5.430E-11     4.641E-11  4.641E-11     3.620E-11  3.620E-11 
so4_a1        1.005E-11  1.005E-11     6.018E-12  6.018E-12     2.349E-12  2.349E-12     4.982E-13  4.982E-13 
pom_a1        2.174E-10  2.174E-10     1.631E-10  1.631E-10     1.084E-10  1.084E-10     3.169E-11  3.169E-11 
soa_a1        1.201E-11  1.201E-11     1.411E-11  1.411E-11     6.435E-12  6.435E-12     1.420E-12  1.420E-12 
bc_a1         2.416E-11  2.416E-11     1.812E-11  1.812E-11     1.204E-11  1.204E-11     3.521E-12  3.521E-12 
ncl_a1        0.000E+00  0.000E+00     0.000E+00  0.000E+00     0.000E+00  0.000E+00     0.000E+00  0.000E+00 
dst_a1        0.000E+00  0.000E+00     0.000E+00  0.000E+00     0.000E+00  0.000E+00     0.000E+00  0.000E+00 
num_a1        9.187E+09  9.187E+09     6.893E+09  6.893E+09     4.582E+09  4.582E+09     1.340E+09  1.340E+09 
so4_a2        3.241E-11  3.241E-11     1.723E-11  1.723E-11     2.313E-11  2.313E-11     1.649E-11  1.649E-11 
soa_a2        4.299E-12  4.299E-12     1.161E-11  1.161E-11     7.164E-12  7.164E-12     2.387E-12  2.387E-12 
ncl_a2        0.000E+00  0.000E+00     0.000E+00  0.000E+00     0.000E+00  0.000E+00     0.000E+00  0.000E+00 
num_a2        9.853E+11  9.853E+11     5.649E+11  5.649E+11     9.874E+11  9.874E+11     7.958E+11  7.958E+11 
dst_a3        0.000E+00  0.000E+00     0.000E+00  0.000E+00     0.000E+00  0.000E+00     0.000E+00  0.000E+00 
ncl_a3        0.000E+00  0.000E+00     0.000E+00  0.000E+00     0.000E+00  0.000E+00     0.000E+00  0.000E+00 
so4_a3        0.000E+00  0.000E+00     0.000E+00  0.000E+00     0.000E+00  0.000E+00     0.000E+00  0.000E+00 
num_a3        0.000E+00  0.000E+00     0.000E+00  0.000E+00     0.000E+00  0.000E+00     0.000E+00  0.000E+00 
pom_a4        1.223E-10  1.223E-10     9.172E-11  9.172E-11     6.150E-11  6.150E-11     5.324E-11  5.324E-11 
bc_a4         1.359E-11  1.359E-11     1.019E-11  1.019E-11     6.833E-12  6.833E-12     5.916E-12  5.916E-12 
num_a4        5.176E+09  5.176E+09     3.882E+09  3.882E+09     2.603E+09  2.603E+09     2.253E+09  2.253E+09 
so4_c1        3.957E-09  5.295E-09*    3.166E-09  4.236E-09*    2.374E-09  3.177E-09*    1.583E-09  2.118E-09*
pom_c1        0.000E+00  0.000E+00     0.000E+00  0.000E+00     0.000E+00  0.000E+00     0.000E+00  0.000E+00 
soa_c1        0.000E+00  0.000E+00     0.000E+00  0.000E+00     0.000E+00  0.000E+00     0.000E+00  0.000E+00 
bc_c1         0.000E+00  0.000E+00     0.000E+00  0.000E+00     0.000E+00  0.000E+00     0.000E+00  0.000E+00 
ncl_c1        0.000E+00  0.000E+00     0.000E+00  0.000E+00     0.000E+00  0.000E+00     0.000E+00  0.000E+00 
dst_c1        0.000E+00  0.000E+00     0.000E+00  0.000E+00     0.000E+00  0.000E+00     0.000E+00  0.000E+00 
num_c1        1.449E+06  1.449E+06     1.159E+06  1.159E+06     8.692E+05  8.692E+05     5.795E+05  5.795E+05 
so4_c2        0.000E+00  0.000E+00     0.000E+00  0.000E+00     0.000E+00  0.000E+00     0.000E+00  0.000E+00 
soa_c2        0.000E+00  0.000E+00     0.000E+00  0.000E+00     0.000E+00  0.000E+00     0.000E+00  0.000E+00 
ncl_c2        0.000E+00  0.000E+00     0.000E+00  0.000E+00     0.000E+00  0.000E+00     0.000E+00  0.000E+00 
num_c2        0.000E+00  0.000E+00     0.000E+00  0.000E+00     0.000E+00  0.000E+00     0.000E+00  0.000E+00 
dst_c3        0.000E+00  0.000E+00     0.000E+00  0.000E+00     0.000E+00  0.000E+00     0.000E+00  0.000E+00 
ncl_c3        0.000E+00  0.000E+00     0.000E+00  0.000E+00     0.000E+00  0.000E+00     0.000E+00  0.000E+00 
so4_c3        0.000E+00  0.000E+00     0.000E+00  0.000E+00     0.000E+00  0.000E+00     0.000E+00  0.000E+00 
num_c3        0.000E+00  0.000E+00     0.000E+00  0.000E+00     0.000E+00  0.000E+00     0.000E+00  0.000E+00 
pom_c4        0.000E+00  0.000E+00     0.000E+00  0.000E+00     0.000E+00  0.000E+00     0.000E+00  0.000E+00 
bc_c4         0.000E+00  0.000E+00     0.000E+00  0.000E+00     0.000E+00  0.000E+00     0.000E+00  0.000E+00 
num_c4        0.000E+00  0.000E+00     0.000E+00  0.000E+00     0.000E+00  0.000E+00     0.000E+00  0.000E+00 

gaex        3       9
H2O2          0.000E+00  0.000E+00     0.000E+00  0.000E+00     0.000E+00  0.000E+00     0.000E+00  0.000E+00 
H2SO4         1.436E-11  2.830E-16*    1.149E-11  4.436E-12*    8.614E-12  5.107E-16*    5.743E-12  4.646E-16*
SO2           4.648E-09  4.648E-09     3.718E-09  3.718E-09     2.789E-09  2.789E-09     1.859E-09  1.859E-09 
DMS           0.000E+00  0.000E+00     0.000E+00  0.000E+00     0.000E+00  0.000E+00     0.000E+00  0.000E+00 
SOAG          8.371E-11  7.527E-11*    5.430E-11  4.011E-11*    4.641E-11  3.533E-11*    3.620E-11  3.194E-11*
so4_a1        1.005E-11  1.215E-11*    6.018E-12  7.873E-12*    2.349E-12  3.003E-12*    4.982E-13  6.550E-13*
pom_a1        2.174E-10  2.547E-10*    1.631E-10  1.998E-10*    1.084E-10  1.255E-10*    3.169E-11  3.901E-11*
soa_a1        1.201E-11  1.978E-11*    1.411E-11  1.815E-11*    6.435E-12  8.425E-12*    1.420E-12  1.999E-12*
bc_a1         2.416E-11  2.830E-11*    1.812E-11  2.220E-11*    1.204E-11  1.394E-11*    3.521E-12  4.334E-12*
ncl_a1        0.000E+00  0.000E+00     0.000E+00  0.000E+00     0.000E+00  0.000E+00     0.000E+00  0.000E+00 
dst_a1        0.000E+00  0.000E+00     0.000E+00  0.000E+00     0.000E+00  0.000E+00     0.000E+00  0.000E+00 
num_a1        9.187E+09  1.076E+10*    6.893E+09  8.442E+09*    4.582E+09  5.306E+09*    1.340E+09  1.650E+09*
so4_a2        3.241E-11  4.467E-11*    1.723E-11  2.243E-11*    2.313E-11  3.109E-11*    1.649E-11  2.207E-11*
soa_a2        4.299E-12  4.973E-12*    1.161E-11  2.177E-11*    7.164E-12  1.627E-11*    2.387E-12  6.065E-12*
ncl_a2        0.000E+00  0.000E+00     0.000E+00  0.000E+00     0.000E+00  0.000E+00     0.000E+00  0.000E+00 
num_a2        9.853E+11  1.074E+12*    5.649E+11  5.564E+11*    9.874E+11  1.210E+12*    7.958E+11  1.023E+12*
dst_a3        0.000E+00  0.000E+00     0.000E+00  0.000E+00     0.000E+00  0.000E+00     0.000E+00  0.000E+00 
ncl_a3        0.000E+00  0.000E+00     0.000E+00  0.000E+00     0.000E+00  0.000E+00     0.000E+00  0.000E+00 
so4_a3        0.000E+00  0.000E+00     0.000E+00  0.000E+00     0.000E+00  0.000E+00     0.000E+00  0.000E+00 
num_a3        0.000E+00  0.000E+00     0.000E+00  0.000E+00     0.000E+00  0.000E+00     0.000E+00  0.000E+00 
pom_a4        1.223E-10  8.506E-11*    9.172E-11  5.503E-11*    6.150E-11  4.436E-11*    5.324E-11  4.592E-11*
bc_a4         1.359E-11  9.451E-12*    1.019E-11  6.115E-12*    6.833E-12  4.929E-12*    5.916E-12  5.102E-12*
num_a4        5.176E+09  3.599E+09*    3.882E+09  2.329E+09*    2.603E+09  1.877E+09*    2.253E+09  1.943E+09*
so4_c1        5.295E-09  5.295E-09     4.236E-09  4.236E-09     3.177E-09  3.177E-09     2.118E-09  2.118E-09 
pom_c1        0.000E+00  0.000E+00     0.000E+00  0.000E+00     0.000E+00  0.000E+00     0.000E+00  0.000E+00 
soa_c1        0.000E+00  0.000E+00     0.000E+00  0.000E+00     0.000E+00  0.000E+00     0.000E+00  0.000E+00 
bc_c1         0.000E+00  0.000E+00     0.000E+00  0.000E+00     0.000E+00  0.000E+00     0.000E+00  0.000E+00 
ncl_c1        0.000E+00  0.000E+00     0.000E+00  0.000E+00     0.000E+00  0.000E+00     0.000E+00  0.000E+00 
dst_c1        0.000E+00  0.000E+00     0.000E+00  0.000E+00     0.000E+00  0.000E+00     0.000E+00  0.000E+00 
num_c1        1.449E+06  1.449E+06     1.159E+06  1.159E+06     8.692E+05  8.692E+05     5.795E+05  5.795E+05 
so4_c2        0.000E+00  0.000E+00     0.000E+00  0.000E+00     0.000E+00  0.000E+00     0.000E+00  0.000E+00 
soa_c2        0.000E+00  0.000E+00     0.000E+00  0.000E+00     0.000E+00  0.000E+00     0.000E+00  0.000E+00 
ncl_c2        0.000E+00  0.000E+00     0.000E+00  0.000E+00     0.000E+00  0.000E+00     0.000E+00  0.000E+00 
num_c2        0.000E+00  0.000E+00     0.000E+00  0.000E+00     0.000E+00  0.000E+00     0.000E+00  0.000E+00 
dst_c3        0.000E+00  0.000E+00     0.000E+00  0.000E+00     0.000E+00  0.000E+00     0.000E+00  0.000E+00 
ncl_c3        0.000E+00  0.000E+00     0.000E+00  0.000E+00     0.000E+00  0.000E+00     0.000E+00  0.000E+00 
so4_c3        0.000E+00  0.000E+00     0.000E+00  0.000E+00     0.000E+00  0.000E+00     0.000E+00  0.000E+00 
num_c3        0.000E+00  0.000E+00     0.000E+00  0.000E+00     0.000E+00  0.000E+00     0.000E+00  0.000E+00 
pom_c4        0.000E+00  0.000E+00     0.000E+00  0.000E+00     0.000E+00  0.000E+00     0.000E+00  0.000E+00 
bc_c4         0.000E+00  0.000E+00     0.000E+00  0.000E+00     0.000E+00  0.000E+00     0.000E+00  0.000E+00 
num_c4        0.000E+00  0.000E+00     0.000E+00  0.000E+00     0.000E+00  0.000E+00     0.000E+00  0.000E+00 
